<?xml version="1.0" ?><document><molecule natoms="4" serial_id="3233104" xmlns="main_molecule"><xyz ncol="3" nrow="4" units="angstrom">        0.0000000000      0.0000000000      0.0000000000
       -0.9405600089      0.0000000000      0.4259701319
        0.4702800045      0.8145488615      0.4259701319
        0.4702800045     -0.8145488615      0.4259701319
</xyz><atoms>N
H
H
H
</atoms><point_group classtype="PointGroup" isabelian="false" name="C2V" serial_id="3248912" xmlns="pg"><molecule>3233104</molecule><classes><class classtype="PointGroupClass" order="1" serial_id="3254512" type="4"><symmetry_operations><symmop>3250896</symmop></symmetry_operations></class><class classtype="PointGroupClass" order="2" serial_id="3254304" type="0"><symmetry_operations><symmop>3253520</symmop><symmop>3247760</symmop></symmetry_operations></class><class classtype="PointGroupClass" order="3" serial_id="3253552" type="2"><symmetry_operations><symmop>3254544</symmop><symmop>3249408</symmop><symmop>3251280</symmop></symmetry_operations></class></classes><subgroups/><subspaces><subspace classtype="CoordinateSubspace" madeabelian="false" order="1" serial_id="3255840"><coordinates><coordinate classtype="SYMM" coordtype="SYMM" serial_id="3253600"><molecule>3233104</molecule><characters n="3">      0.0000000000
      0.0000000000
      0.0000000000
</characters><subgroups/><simples><simple>3233008</simple><simple>3252720</simple><simple>3251536</simple><simple>3251920</simple><simple>3254704</simple><simple>3255152</simple></simples><coeffs n="6">     -0.5314293677
     -0.5314293677
     -0.5314293677
     -0.1990237893
     -0.1990237893
     -0.1990237893
</coeffs></coordinate></coordinates><molecule>3233104</molecule></subspace><subspace classtype="CoordinateSubspace" madeabelian="false" order="2" serial_id="3256304"><coordinates><coordinate classtype="SYMM" coordtype="SYMM" serial_id="3255888"><molecule>3233104</molecule><characters n="3">      0.0000000000
      0.0000000000
      0.0000000000
</characters><subgroups/><simples><simple>3233008</simple><simple>3252720</simple><simple>3251536</simple><simple>3251920</simple><simple>3254704</simple><simple>3255152</simple></simples><coeffs n="6">     -0.5259693325
     -0.0000000000
      0.5259693325
     -0.2976194368
     -0.0000000000
      0.2976194368
</coeffs></coordinate><coordinate classtype="SYMM" coordtype="SYMM" serial_id="3260224"><molecule>3233104</molecule><characters n="3">      0.0000000000
      0.0000000000
      0.0000000000
</characters><subgroups/><simples><simple>3233008</simple><simple>3252720</simple><simple>3251536</simple><simple>3251920</simple><simple>3254704</simple><simple>3255152</simple></simples><coeffs n="6">      0.3036685357
     -0.6073370714
      0.3036685357
     -0.1718306620
      0.3436613240
     -0.1718306620
</coeffs></coordinate></coordinates><molecule>3233104</molecule></subspace><subspace classtype="CoordinateSubspace" madeabelian="false" order="1" serial_id="3256144"><coordinates><coordinate classtype="SYMM" coordtype="SYMM" serial_id="3258624"><molecule>3233104</molecule><characters n="3">      0.0000000000
      0.0000000000
      0.0000000000
</characters><subgroups/><simples><simple>3233008</simple><simple>3252720</simple><simple>3251536</simple><simple>3251920</simple><simple>3254704</simple><simple>3255152</simple></simples><coeffs n="6">     -0.0914670943
     -0.0914670943
     -0.0914670943
      0.2442336178
      0.2442336178
      0.2442336178
</coeffs></coordinate></coordinates><molecule>3233104</molecule></subspace><subspace classtype="CoordinateSubspace" madeabelian="false" order="2" serial_id="3256528"><coordinates><coordinate classtype="SYMM" coordtype="SYMM" serial_id="3259072"><molecule>3233104</molecule><characters n="3">      0.0000000000
      0.0000000000
      0.0000000000
</characters><subgroups/><simples><simple>3233008</simple><simple>3252720</simple><simple>3251536</simple><simple>3251920</simple><simple>3254704</simple><simple>3255152</simple></simples><coeffs n="6">      0.1560530807
      0.0000000000
     -0.1560530807
     -0.2757855319
     -0.0000000000
      0.2757855319
</coeffs></coordinate><coordinate classtype="SYMM" coordtype="SYMM" serial_id="3259376"><molecule>3233104</molecule><characters n="3">      0.0000000000
      0.0000000000
      0.0000000000
</characters><subgroups/><simples><simple>3233008</simple><simple>3252720</simple><simple>3251536</simple><simple>3251920</simple><simple>3254704</simple><simple>3255152</simple></simples><coeffs n="6">      0.0900972882
     -0.1801945763
      0.0900972882
      0.1592248511
     -0.3184497022
      0.1592248511
</coeffs></coordinate></coordinates><molecule>3233104</molecule></subspace></subspaces><symmops><symmop classtype="IdentityElement" name="identity" serial_id="3250896" type="4"/><symmop classtype="Rotation" exponent="1" order="3" serial_id="3253520" type="0"><axis n="3">      0.0000000000
      0.0000000000
      1.0000000000
</axis></symmop><symmop classtype="Reflection" serial_id="3254544" type="2"><axis n="3">     -0.0000000000
     -1.0000000000
     -0.0000000000
</axis></symmop><symmop classtype="Rotation" exponent="2" order="3" serial_id="3247760" type="0"><axis n="3">      0.0000000000
      0.0000000000
      1.0000000000
</axis></symmop><symmop classtype="Reflection" serial_id="3249408" type="2"><axis n="3">     -0.8660254038
     -0.5000000000
      0.0000000000
</axis></symmop><symmop classtype="Reflection" serial_id="3251280" type="2"><axis n="3">     -0.8660254038
      0.5000000000
      0.0000000000
</axis></symmop></symmops></point_group></molecule><simples xmlns="main_simples"><simple classtype="STRE" coordtype="STRE" serial_id="3233008"><molecule>3233104</molecule><characters n="3">      1.7482334711
     -0.4964669422
      0.2517665289
</characters><subgroups/><connectivity n="2">1 2</connectivity></simple><simple classtype="STRE" coordtype="STRE" serial_id="3252720"><molecule>3233104</molecule><characters n="3">      1.7482334711
     -0.4964669422
      0.2517665289
</characters><subgroups/><connectivity n="2">1 3</connectivity></simple><simple classtype="STRE" coordtype="STRE" serial_id="3251536"><molecule>3233104</molecule><characters n="3">      1.7482334711
     -0.4964669422
      0.2517665289
</characters><subgroups/><connectivity n="2">1 4</connectivity></simple><simple classtype="BEND" coordtype="BEND" serial_id="3251920"><molecule>3233104</molecule><characters n="3">      1.6497064999
     -0.2994129999
      0.3502935001
</characters><subgroups/><connectivity n="3">2 1 3</connectivity></simple><simple classtype="BEND" coordtype="BEND" serial_id="3254704"><molecule>3233104</molecule><characters n="3">      1.6497064999
     -0.2994129999
      0.3502935001
</characters><subgroups/><connectivity n="3">2 1 4</connectivity></simple><simple classtype="BEND" coordtype="BEND" serial_id="3255152"><molecule>3233104</molecule><characters n="3">      1.6497064999
     -0.2994129999
      0.3502935001
</characters><subgroups/><connectivity n="3">3 1 4</connectivity></simple></simples><coordinates xmlns="main_coords"><coordinate classtype="SYMM" coordtype="SYMM" serial_id="3247664"><molecule>3233104</molecule><characters n="3">      1.7482334711
     -0.4964669422
      0.2517665289
</characters><subgroups/><simples><simple>3233008</simple></simples><coeffs n="1">      1.0000000000
</coeffs></coordinate><coordinate classtype="SYMM" coordtype="SYMM" serial_id="3260000"><molecule>3233104</molecule><characters n="3">      1.7482334711
     -0.4964669422
      0.2517665289
</characters><subgroups/><simples><simple>3252720</simple></simples><coeffs n="1">      1.0000000000
</coeffs></coordinate><coordinate classtype="SYMM" coordtype="SYMM" serial_id="3259696"><molecule>3233104</molecule><characters n="3">      1.7482334711
     -0.4964669422
      0.2517665289
</characters><subgroups/><simples><simple>3251536</simple></simples><coeffs n="1">      1.0000000000
</coeffs></coordinate><coordinate classtype="SYMM" coordtype="SYMM" serial_id="3259872"><molecule>3233104</molecule><characters n="3">      1.6497064999
     -0.2994129999
      0.3502935001
</characters><subgroups/><simples><simple>3251920</simple></simples><coeffs n="1">      1.0000000000
</coeffs></coordinate><coordinate classtype="SYMM" coordtype="SYMM" serial_id="3256816"><molecule>3233104</molecule><characters n="3">      1.6497064999
     -0.2994129999
      0.3502935001
</characters><subgroups/><simples><simple>3254704</simple></simples><coeffs n="1">      1.0000000000
</coeffs></coordinate><coordinate classtype="SYMM" coordtype="SYMM" serial_id="3257184"><molecule>3233104</molecule><characters n="3">      1.6497064999
     -0.2994129999
      0.3502935001
</characters><subgroups/><simples><simple>3255152</simple></simples><coeffs n="1">      1.0000000000
</coeffs></coordinate></coordinates><qff classtype="ForceField" include_zeros="true" serial_id="3260800"><displacement_iterator classtype="DisplacementIterator" deriv_level="2" n="145" nunique="35" serial_id="3261024"><displacements><displacement classtype="Displacement" energy_assigned="true" fc_assigned="true" grad_assigned="true" number="1" refcount="7" serial_id="3456944" unique="true"><energy units="aj"> -241.77132762943194</energy><gradients bond_units="angstrom" energy_units="aj" n="6">     -0.0023504562
     -0.0057785531
     -0.0057785531
      0.0017297633
      0.0017297633
     -0.0207227205
</gradients><fc bond_units="angstrom" energy_units="aj" ncol="6" nrow="6">        8.9699856366     -0.2570571186     -0.2570571186      0.2838247547      0.2838247547      0.1160952546
       -0.2570571186      8.9712728011     -0.2462099417      0.2849840214      0.1155087990      0.2907016368
       -0.2570571186     -0.2462099417      8.9712728011      0.1155087990      0.2849840214      0.2907016368
        0.2838247547      0.2849840214      0.1155087990      1.0243342832     -0.0961099069     -0.0859020803
        0.2838247547      0.1155087990      0.2849840214     -0.0961099069      1.0243342832     -0.0859020803
        0.1160952546      0.2907016368      0.2907016368     -0.0859020803     -0.0859020803      1.0492869715
</fc><disps n="6">0     0.00000000000000     0.00000000000000     0.00000000000000     0.00000000000000    -1.00000000000000</disps><dispsizes n="6">0.01     0.01000000000000     0.01000000000000     0.02000000000000     0.02000000000000     0.02000000000000</dispsizes><dispmol natoms="4" serial_id="3764608"><xyz ncol="3" nrow="4" units="angstrom">       -0.0033195932      0.0000000000     -0.0040119649
       -0.9418980325      0.0000000000      0.4263067504
        0.4726088128      0.8081630543      0.4278078050
        0.4726088128     -0.8081630543      0.4278078050
</xyz><atoms>N
H
H
H
</atoms><point_group classtype="PointGroup" isabelian="false" name="" serial_id="6373296" xmlns="pg"><molecule>3764608</molecule><classes/><subgroups/><subspaces/><symmops><symmop classtype="IdentityElement" name="identity" serial_id="3250896" type="4"/></symmops></point_group></dispmol><molecule>3233104</molecule><coordinates><coordinate>3247664</coordinate><coordinate>3260000</coordinate><coordinate>3259696</coordinate><coordinate>3259872</coordinate><coordinate>3256816</coordinate><coordinate>3257184</coordinate></coordinates><simples><simple>3233008</simple><simple>3252720</simple><simple>3251536</simple><simple>3251920</simple><simple>3254704</simple><simple>3255152</simple></simples></displacement><displacement classtype="Displacement" energy_assigned="true" fc_assigned="true" grad_assigned="true" number="2" refcount="7" serial_id="3457616" unique="true"><energy units="aj"> -241.77133112987181</energy><gradients bond_units="angstrom" energy_units="aj" n="6">      0.0024177104
      0.0057250293
      0.0057250293
     -0.0017535222
     -0.0017535222
      0.0201969235
</gradients><fc bond_units="angstrom" energy_units="aj" ncol="6" nrow="6">        8.9594983316     -0.2525191259     -0.2525191259      0.2912301227      0.2912301227      0.1223037093
       -0.2525191259      8.9578877622     -0.2629718458      0.2901322378      0.1229147597      0.2848301400
       -0.2525191259     -0.2629718458      8.9578877622      0.1229147597      0.2901322378      0.2848301400
        0.2912301227      0.2901322378      0.1229147597      1.0219208906     -0.0781389656     -0.0883131507
        0.2912301227      0.1229147597      0.2901322378     -0.0781389656      1.0219208906     -0.0883131507
        0.1223037093      0.2848301400      0.2848301400     -0.0883131507     -0.0883131507      0.9966688131
</fc><disps n="6">0     0.00000000000000     0.00000000000000     0.00000000000000     0.00000000000000     1.00000000000000</disps><dispsizes n="6">0.01     0.01000000000000     0.01000000000000     0.02000000000000     0.02000000000000     0.02000000000000</dispsizes><dispmol natoms="4" serial_id="6373376"><xyz ncol="3" nrow="4" units="angstrom">        0.0033252739      0.0000000000      0.0040773124
       -0.9392287949      0.0000000000      0.4256167659
        0.4679517605      0.8208532145      0.4241081586
        0.4679517605     -0.8208532145      0.4241081586
</xyz><atoms>N
H
H
H
</atoms><point_group classtype="PointGroup" isabelian="false" name="" serial_id="6374064" xmlns="pg"><molecule>6373376</molecule><classes/><subgroups/><subspaces/><symmops><symmop classtype="IdentityElement" name="identity" serial_id="3250896" type="4"/></symmops></point_group></dispmol><molecule>3233104</molecule><coordinates><coordinate>3247664</coordinate><coordinate>3260000</coordinate><coordinate>3259696</coordinate><coordinate>3259872</coordinate><coordinate>3256816</coordinate><coordinate>3257184</coordinate></coordinates><simples><simple>3233008</simple><simple>3252720</simple><simple>3251536</simple><simple>3251920</simple><simple>3254704</simple><simple>3255152</simple></simples></displacement><displacement classtype="Displacement" energy_assigned="true" fc_assigned="true" grad_assigned="true" number="3" refcount="7" serial_id="3458208" unique="true"><energy units="aj"> -241.77070156644581</energy><gradients bond_units="angstrom" energy_units="aj" n="6">     -0.0046411164
     -0.0116291321
     -0.0116291321
      0.0034367770
      0.0034367770
     -0.0419711514
</gradients><fc bond_units="angstrom" energy_units="aj" ncol="6" nrow="6">        8.9749441159     -0.2592420395     -0.2592420395      0.2802028947      0.2802028947      0.1129697785
       -0.2592420395      8.9771804690     -0.2371283065      0.2825860970      0.1118182329      0.2944480396
       -0.2592420395     -0.2371283065      8.9771804690      0.1118182329      0.2825860970      0.2944480396
        0.2802028947      0.2825860970      0.1118182329      1.0259377220     -0.1052653013     -0.0848122089
        0.2802028947      0.1118182329      0.2825860970     -0.1052653013      1.0259377220     -0.0848122089
        0.1129697785      0.2944480396      0.2944480396     -0.0848122089     -0.0848122089      1.0755535518
</fc><disps n="6">0     0.00000000000000     0.00000000000000     0.00000000000000     0.00000000000000    -2.00000000000000</disps><dispsizes n="6">0.01     0.01000000000000     0.01000000000000     0.02000000000000     0.02000000000000     0.02000000000000</dispsizes><dispmol natoms="4" serial_id="6374144"><xyz ncol="3" nrow="4" units="angstrom">       -0.0066322617      0.0000000000     -0.0079596000
       -0.9432422837      0.0000000000      0.4266268130
        0.4749372727      0.8016964314      0.4296215913
        0.4749372727     -0.8016964314      0.4296215913
</xyz><atoms>N
H
H
H
</atoms><point_group classtype="PointGroup" isabelian="false" name="" serial_id="6374832" xmlns="pg"><molecule>6374144</molecule><classes/><subgroups/><subspaces/><symmops><symmop classtype="IdentityElement" name="identity" serial_id="3250896" type="4"/></symmops></point_group></dispmol><molecule>3233104</molecule><coordinates><coordinate>3247664</coordinate><coordinate>3260000</coordinate><coordinate>3259696</coordinate><coordinate>3259872</coordinate><coordinate>3256816</coordinate><coordinate>3257184</coordinate></coordinates><simples><simple>3233008</simple><simple>3252720</simple><simple>3251536</simple><simple>3251920</simple><simple>3254704</simple><simple>3255152</simple></simples></displacement><displacement classtype="Displacement" energy_assigned="true" fc_assigned="true" grad_assigned="true" number="4" refcount="7" serial_id="3458736" unique="true"><energy units="aj"> -241.77072961617841</energy><gradients bond_units="angstrom" energy_units="aj" n="6">      0.0048945817
      0.0113992302
      0.0113992302
     -0.0035328601
     -0.0035328601
      0.0398665581
</gradients><fc bond_units="angstrom" energy_units="aj" ncol="6" nrow="6">        8.9539696565     -0.2501607050     -0.2501607050      0.2950109017      0.2950109017      0.1253812542
       -0.2501607050      8.9504400468     -0.2706951964      0.2928733271      0.1266310204      0.2826736730
       -0.2501607050     -0.2706951964      8.9504400468      0.1266310204      0.2928733271      0.2826736730
        0.2950109017      0.2928733271      0.1266310204      1.0210982850     -0.0693147390     -0.0896330035
        0.2950109017      0.1266310204      0.2928733271     -0.0693147390      1.0210982850     -0.0896330035
        0.1253812542      0.2826736730      0.2826736730     -0.0896330035     -0.0896330035      0.9702828138
</fc><disps n="6">0     0.00000000000000     0.00000000000000     0.00000000000000     0.00000000000000     2.00000000000000</disps><dispsizes n="6">0.01     0.01000000000000     0.01000000000000     0.02000000000000     0.02000000000000     0.02000000000000</dispsizes><dispmol natoms="4" serial_id="6374912"><xyz ncol="3" nrow="4" units="angstrom">        0.0066549665      0.0000000000      0.0082210392
       -0.9379049710      0.0000000000      0.4252464676
        0.4656250023      0.8270754829      0.4222214444
        0.4656250023     -0.8270754829      0.4222214444
</xyz><atoms>N
H
H
H
</atoms><point_group classtype="PointGroup" isabelian="false" name="" serial_id="6375600" xmlns="pg"><molecule>6374912</molecule><classes/><subgroups/><subspaces/><symmops><symmop classtype="IdentityElement" name="identity" serial_id="3250896" type="4"/></symmops></point_group></dispmol><molecule>3233104</molecule><coordinates><coordinate>3247664</coordinate><coordinate>3260000</coordinate><coordinate>3259696</coordinate><coordinate>3259872</coordinate><coordinate>3256816</coordinate><coordinate>3257184</coordinate></coordinates><simples><simple>3233008</simple><simple>3252720</simple><simple>3251536</simple><simple>3251920</simple><simple>3254704</simple><simple>3255152</simple></simples></displacement><displacement classtype="Displacement" energy_assigned="true" fc_assigned="true" grad_assigned="true" number="5" refcount="7" serial_id="3459264" unique="false"><energy units="aj"> -241.77132762943194</energy><gradients bond_units="angstrom" energy_units="aj" n="6">     -0.0057785530
     -0.0023504563
     -0.0057785530
      0.0017297632
     -0.0207227204
      0.0017297633
</gradients><fc bond_units="angstrom" energy_units="aj" ncol="6" nrow="6">        8.9712728013     -0.2570571185     -0.2462099418      0.2849840210      0.2907016370      0.1155087987
       -0.2570571185      8.9699856363     -0.2570571185      0.2838247548      0.1160952547      0.2838247545
       -0.2462099418     -0.2570571185      8.9712728010      0.1155087991      0.2907016367      0.2849840213
        0.2849840210      0.2838247548      0.1155087991      1.0243342832     -0.0859020803     -0.0961099071
        0.2907016370      0.1160952547      0.2907016367     -0.0859020803      1.0492869713     -0.0859020804
        0.1155087987      0.2838247545      0.2849840213     -0.0961099071     -0.0859020804      1.0243342833
</fc><disps n="6">0     0.00000000000000     0.00000000000000     0.00000000000000    -1.00000000000000     0.00000000000000</disps><dispsizes n="6">0.01     0.01000000000000     0.01000000000000     0.02000000000000     0.02000000000000     0.02000000000000</dispsizes><dispmol natoms="4" serial_id="6375680"><xyz ncol="3" nrow="4" units="angstrom">        0.0016597966      0.0028748520     -0.0040119649
       -0.9361941418     -0.0052097108      0.4278078050
        0.4709490163      0.8157076239      0.4263067504
        0.4635853290     -0.8133727651      0.4278078050
</xyz><atoms>N
H
H
H
</atoms><point_group classtype="PointGroup" isabelian="false" name="" serial_id="6376368" xmlns="pg"><molecule>6375680</molecule><classes/><subgroups/><subspaces/><symmops><symmop classtype="IdentityElement" name="identity" serial_id="3250896" type="4"/></symmops></point_group></dispmol><molecule>3233104</molecule><coordinates><coordinate>3247664</coordinate><coordinate>3260000</coordinate><coordinate>3259696</coordinate><coordinate>3259872</coordinate><coordinate>3256816</coordinate><coordinate>3257184</coordinate></coordinates><simples><simple>3233008</simple><simple>3252720</simple><simple>3251536</simple><simple>3251920</simple><simple>3254704</simple><simple>3255152</simple></simples></displacement><displacement classtype="Displacement" energy_assigned="true" fc_assigned="true" grad_assigned="true" number="6" refcount="7" serial_id="3459856" unique="false"><energy units="aj"> -241.77133112987181</energy><gradients bond_units="angstrom" energy_units="aj" n="6">      0.0057250295
      0.0024177102
      0.0057250295
     -0.0017535221
      0.0201969235
     -0.0017535223
</gradients><fc bond_units="angstrom" energy_units="aj" ncol="6" nrow="6">        8.9578877625     -0.2525191257     -0.2629718457      0.2901322378      0.2848301402      0.1229147598
       -0.2525191257      8.9594983317     -0.2525191255      0.2912301230      0.1223037096      0.2912301225
       -0.2629718457     -0.2525191255      8.9578877625      0.1229147597      0.2848301402      0.2901322378
        0.2901322378      0.2912301230      0.1229147597      1.0219208907     -0.0883131507     -0.0781389656
        0.2848301402      0.1223037096      0.2848301402     -0.0883131507      0.9966688128     -0.0883131505
        0.1229147598      0.2912301225      0.2901322378     -0.0781389656     -0.0883131505      1.0219208908
</fc><disps n="6">0     0.00000000000000     0.00000000000000     0.00000000000000     1.00000000000000     0.00000000000000</disps><dispsizes n="6">0.01     0.01000000000000     0.01000000000000     0.02000000000000     0.02000000000000     0.02000000000000</dispsizes><dispmol natoms="4" serial_id="6376448"><xyz ncol="3" nrow="4" units="angstrom">       -0.0016626370     -0.0028797717      0.0040773124
       -0.9448556168      0.0051684949      0.4241081586
        0.4696143974      0.8133959963      0.4256167659
        0.4769038563     -0.8156847196      0.4241081586
</xyz><atoms>N
H
H
H
</atoms><point_group classtype="PointGroup" isabelian="false" name="" serial_id="6377136" xmlns="pg"><molecule>6376448</molecule><classes/><subgroups/><subspaces/><symmops><symmop classtype="IdentityElement" name="identity" serial_id="3250896" type="4"/></symmops></point_group></dispmol><molecule>3233104</molecule><coordinates><coordinate>3247664</coordinate><coordinate>3260000</coordinate><coordinate>3259696</coordinate><coordinate>3259872</coordinate><coordinate>3256816</coordinate><coordinate>3257184</coordinate></coordinates><simples><simple>3233008</simple><simple>3252720</simple><simple>3251536</simple><simple>3251920</simple><simple>3254704</simple><simple>3255152</simple></simples></displacement><displacement classtype="Displacement" energy_assigned="true" fc_assigned="true" grad_assigned="true" number="7" refcount="7" serial_id="3460416" unique="false"><energy units="aj"> -241.77070156644581</energy><gradients bond_units="angstrom" energy_units="aj" n="6">     -0.0116291321
     -0.0046411164
     -0.0116291320
      0.0034367770
     -0.0419711517
      0.0034367772
</gradients><fc bond_units="angstrom" energy_units="aj" ncol="6" nrow="6">        8.9771804684     -0.2592420391     -0.2371283059      0.2825860966      0.2944480391      0.1118182330
       -0.2592420391      8.9749441164     -0.2592420393      0.2802028950      0.1129697783      0.2802028949
       -0.2371283059     -0.2592420393      8.9771804688      0.1118182330      0.2944480393      0.2825860970
        0.2825860966      0.2802028950      0.1118182330      1.0259377218     -0.0848122093     -0.1052653012
        0.2944480391      0.1129697783      0.2944480393     -0.0848122093      1.0755535520     -0.0848122091
        0.1118182330      0.2802028949      0.2825860970     -0.1052653012     -0.0848122091      1.0259377222
</fc><disps n="6">0     0.00000000000000     0.00000000000000     0.00000000000000    -2.00000000000000     0.00000000000000</disps><dispsizes n="6">0.01     0.01000000000000     0.01000000000000     0.02000000000000     0.02000000000000     0.02000000000000</dispsizes><dispmol natoms="4" serial_id="6376272"><xyz ncol="3" nrow="4" units="angstrom">        0.0033161309      0.0057437071     -0.0079596000
       -0.9317581121     -0.0104595276      0.4296215913
        0.4716211418      0.8168717796      0.4266268130
        0.4568208394     -0.8121559591      0.4296215913
</xyz><atoms>N
H
H
H
</atoms><point_group classtype="PointGroup" isabelian="false" name="" serial_id="6377904" xmlns="pg"><molecule>6376272</molecule><classes/><subgroups/><subspaces/><symmops><symmop classtype="IdentityElement" name="identity" serial_id="3250896" type="4"/></symmops></point_group></dispmol><molecule>3233104</molecule><coordinates><coordinate>3247664</coordinate><coordinate>3260000</coordinate><coordinate>3259696</coordinate><coordinate>3259872</coordinate><coordinate>3256816</coordinate><coordinate>3257184</coordinate></coordinates><simples><simple>3233008</simple><simple>3252720</simple><simple>3251536</simple><simple>3251920</simple><simple>3254704</simple><simple>3255152</simple></simples></displacement><displacement classtype="Displacement" energy_assigned="true" fc_assigned="true" grad_assigned="true" number="8" refcount="7" serial_id="3460944" unique="false"><energy units="aj"> -241.77072961617841</energy><gradients bond_units="angstrom" energy_units="aj" n="6">      0.0113992306
      0.0048945816
      0.0113992303
     -0.0035328599
      0.0398665583
     -0.0035328603
</gradients><fc bond_units="angstrom" energy_units="aj" ncol="6" nrow="6">        8.9504400466     -0.2501607048     -0.2706951966      0.2928733274      0.2826736726      0.1266310203
       -0.2501607048      8.9539696563     -0.2501607047      0.2950109014      0.1253812544      0.2950109018
       -0.2706951966     -0.2501607047      8.9504400466      0.1266310203      0.2826736731      0.2928733269
        0.2928733274      0.2950109014      0.1266310203      1.0210982850     -0.0896330037     -0.0693147390
        0.2826736726      0.1253812544      0.2826736731     -0.0896330037      0.9702828135     -0.0896330036
        0.1266310203      0.2950109018      0.2928733269     -0.0693147390     -0.0896330036      1.0210982854
</fc><disps n="6">0     0.00000000000000     0.00000000000000     0.00000000000000     2.00000000000000     0.00000000000000</disps><dispsizes n="6">0.01     0.01000000000000     0.01000000000000     0.02000000000000     0.02000000000000     0.02000000000000</dispsizes><dispmol natoms="4" serial_id="6377024"><xyz ncol="3" nrow="4" units="angstrom">       -0.0033274833     -0.0057633701      0.0082210392
       -0.9490808801      0.0102946608      0.4222214444
        0.4689524855      0.8122495313      0.4252464676
        0.4834558779     -0.8167808220      0.4222214444
</xyz><atoms>N
H
H
H
</atoms><point_group classtype="PointGroup" isabelian="false" name="" serial_id="6378672" xmlns="pg"><molecule>6377024</molecule><classes/><subgroups/><subspaces/><symmops><symmop classtype="IdentityElement" name="identity" serial_id="3250896" type="4"/></symmops></point_group></dispmol><molecule>3233104</molecule><coordinates><coordinate>3247664</coordinate><coordinate>3260000</coordinate><coordinate>3259696</coordinate><coordinate>3259872</coordinate><coordinate>3256816</coordinate><coordinate>3257184</coordinate></coordinates><simples><simple>3233008</simple><simple>3252720</simple><simple>3251536</simple><simple>3251920</simple><simple>3254704</simple><simple>3255152</simple></simples></displacement><displacement classtype="Displacement" energy_assigned="true" fc_assigned="true" grad_assigned="true" number="9" refcount="7" serial_id="3461472" unique="false"><energy units="aj"> -241.77132762943194</energy><gradients bond_units="angstrom" energy_units="aj" n="6">     -0.0057785528
     -0.0057785531
     -0.0023504560
     -0.0207227204
      0.0017297635
      0.0017297632
</gradients><fc bond_units="angstrom" energy_units="aj" ncol="6" nrow="6">        8.9712728015     -0.2462099418     -0.2570571185      0.2907016369      0.2849840212      0.1155087988
       -0.2462099418      8.9712728009     -0.2570571185      0.2907016368      0.1155087990      0.2849840212
       -0.2570571185     -0.2570571185      8.9699856369      0.1160952548      0.2838247546      0.2838247551
        0.2907016369      0.2907016368      0.1160952548      1.0492869713     -0.0859020804     -0.0859020803
        0.2849840212      0.1155087990      0.2838247546     -0.0859020804      1.0243342829     -0.0961099069
        0.1155087988      0.2849840212      0.2838247551     -0.0859020803     -0.0961099069      1.0243342833
</fc><disps n="6">0     0.00000000000000     0.00000000000000    -1.00000000000000     0.00000000000000     0.00000000000000</disps><dispsizes n="6">0.01     0.01000000000000     0.01000000000000     0.02000000000000     0.02000000000000     0.02000000000000</dispsizes><dispmol natoms="4" serial_id="6377776"><xyz ncol="3" nrow="4" units="angstrom">        0.0016597966     -0.0028748520     -0.0040119649
       -0.9361941418      0.0052097108      0.4278078050
        0.4635853290      0.8133727651      0.4278078050
        0.4709490163     -0.8157076239      0.4263067504
</xyz><atoms>N
H
H
H
</atoms><point_group classtype="PointGroup" isabelian="false" name="" serial_id="6379440" xmlns="pg"><molecule>6377776</molecule><classes/><subgroups/><subspaces/><symmops><symmop classtype="IdentityElement" name="identity" serial_id="3250896" type="4"/></symmops></point_group></dispmol><molecule>3233104</molecule><coordinates><coordinate>3247664</coordinate><coordinate>3260000</coordinate><coordinate>3259696</coordinate><coordinate>3259872</coordinate><coordinate>3256816</coordinate><coordinate>3257184</coordinate></coordinates><simples><simple>3233008</simple><simple>3252720</simple><simple>3251536</simple><simple>3251920</simple><simple>3254704</simple><simple>3255152</simple></simples></displacement><displacement classtype="Displacement" energy_assigned="true" fc_assigned="true" grad_assigned="true" number="10" refcount="7" serial_id="3462064" unique="false"><energy units="aj"> -241.77133112987181</energy><gradients bond_units="angstrom" energy_units="aj" n="6">      0.0057250295
      0.0057250295
      0.0024177102
      0.0201969235
     -0.0017535221
     -0.0017535223
</gradients><fc bond_units="angstrom" energy_units="aj" ncol="6" nrow="6">        8.9578877626     -0.2629718457     -0.2525191256      0.2848301401      0.2901322377      0.1229147596
       -0.2629718457      8.9578877625     -0.2525191255      0.2848301403      0.1229147598      0.2901322379
       -0.2525191256     -0.2525191255      8.9594983316      0.1223037096      0.2912301231      0.2912301227
        0.2848301401      0.2848301403      0.1223037096      0.9966688129     -0.0883131506     -0.0883131506
        0.2901322377      0.1229147598      0.2912301231     -0.0883131506      1.0219208908     -0.0781389657
        0.1229147596      0.2901322379      0.2912301227     -0.0883131506     -0.0781389657      1.0219208907
</fc><disps n="6">0     0.00000000000000     0.00000000000000     1.00000000000000     0.00000000000000     0.00000000000000</disps><dispsizes n="6">0.01     0.01000000000000     0.01000000000000     0.02000000000000     0.02000000000000     0.02000000000000</dispsizes><dispmol natoms="4" serial_id="6378528"><xyz ncol="3" nrow="4" units="angstrom">       -0.0016626370      0.0028797717      0.0040773124
       -0.9448556168     -0.0051684949      0.4241081586
        0.4769038563      0.8156847196      0.4241081586
        0.4696143974     -0.8133959963      0.4256167659
</xyz><atoms>N
H
H
H
</atoms><point_group classtype="PointGroup" isabelian="false" name="" serial_id="6380208" xmlns="pg"><molecule>6378528</molecule><classes/><subgroups/><subspaces/><symmops><symmop classtype="IdentityElement" name="identity" serial_id="3250896" type="4"/></symmops></point_group></dispmol><molecule>3233104</molecule><coordinates><coordinate>3247664</coordinate><coordinate>3260000</coordinate><coordinate>3259696</coordinate><coordinate>3259872</coordinate><coordinate>3256816</coordinate><coordinate>3257184</coordinate></coordinates><simples><simple>3233008</simple><simple>3252720</simple><simple>3251536</simple><simple>3251920</simple><simple>3254704</simple><simple>3255152</simple></simples></displacement><displacement classtype="Displacement" energy_assigned="true" fc_assigned="true" grad_assigned="true" number="11" refcount="7" serial_id="3462624" unique="false"><energy units="aj"> -241.77070156644581</energy><gradients bond_units="angstrom" energy_units="aj" n="6">     -0.0116291324
     -0.0116291319
     -0.0046411163
     -0.0419711516
      0.0034367771
      0.0034367770
</gradients><fc bond_units="angstrom" energy_units="aj" ncol="6" nrow="6">        8.9771804685     -0.2371283060     -0.2592420392      0.2944480392      0.2825860966      0.1118182332
       -0.2371283060      8.9771804688     -0.2592420391      0.2944480394      0.1118182328      0.2825860968
       -0.2592420392     -0.2592420391      8.9749441160      0.1129697784      0.2802028952      0.2802028951
        0.2944480392      0.2944480394      0.1129697784      1.0755535520     -0.0848122093     -0.0848122091
        0.2825860966      0.1118182328      0.2802028952     -0.0848122093      1.0259377222     -0.1052653011
        0.1118182332      0.2825860968      0.2802028951     -0.0848122091     -0.1052653011      1.0259377221
</fc><disps n="6">0     0.00000000000000     0.00000000000000    -2.00000000000000     0.00000000000000     0.00000000000000</disps><dispsizes n="6">0.01     0.01000000000000     0.01000000000000     0.02000000000000     0.02000000000000     0.02000000000000</dispsizes><dispmol natoms="4" serial_id="6379280"><xyz ncol="3" nrow="4" units="angstrom">        0.0033161309     -0.0057437071     -0.0079596000
       -0.9317581121      0.0104595276      0.4296215913
        0.4568208394      0.8121559591      0.4296215913
        0.4716211418     -0.8168717796      0.4266268130
</xyz><atoms>N
H
H
H
</atoms><point_group classtype="PointGroup" isabelian="false" name="" serial_id="6380976" xmlns="pg"><molecule>6379280</molecule><classes/><subgroups/><subspaces/><symmops><symmop classtype="IdentityElement" name="identity" serial_id="3250896" type="4"/></symmops></point_group></dispmol><molecule>3233104</molecule><coordinates><coordinate>3247664</coordinate><coordinate>3260000</coordinate><coordinate>3259696</coordinate><coordinate>3259872</coordinate><coordinate>3256816</coordinate><coordinate>3257184</coordinate></coordinates><simples><simple>3233008</simple><simple>3252720</simple><simple>3251536</simple><simple>3251920</simple><simple>3254704</simple><simple>3255152</simple></simples></displacement><displacement classtype="Displacement" energy_assigned="true" fc_assigned="true" grad_assigned="true" number="12" refcount="7" serial_id="3463152" unique="false"><energy units="aj"> -241.77072961617841</energy><gradients bond_units="angstrom" energy_units="aj" n="6">      0.0113992305
      0.0113992304
      0.0048945813
      0.0398665583
     -0.0035328602
     -0.0035328602
</gradients><fc bond_units="angstrom" energy_units="aj" ncol="6" nrow="6">        8.9504400467     -0.2706951967     -0.2501607048      0.2826736726      0.2928733272      0.1266310203
       -0.2706951967      8.9504400466     -0.2501607047      0.2826736731      0.1266310204      0.2928733269
       -0.2501607048     -0.2501607047      8.9539696562      0.1253812544      0.2950109013      0.2950109019
        0.2826736726      0.2826736731      0.1253812544      0.9702828135     -0.0896330036     -0.0896330037
        0.2928733272      0.1266310204      0.2950109013     -0.0896330036      1.0210982852     -0.0693147391
        0.1266310203      0.2928733269      0.2950109019     -0.0896330037     -0.0693147391      1.0210982854
</fc><disps n="6">0     0.00000000000000     0.00000000000000     2.00000000000000     0.00000000000000     0.00000000000000</disps><dispsizes n="6">0.01     0.01000000000000     0.01000000000000     0.02000000000000     0.02000000000000     0.02000000000000</dispsizes><dispmol natoms="4" serial_id="6380032"><xyz ncol="3" nrow="4" units="angstrom">       -0.0033274833      0.0057633701      0.0082210392
       -0.9490808801     -0.0102946608      0.4222214444
        0.4834558779      0.8167808220      0.4222214444
        0.4689524855     -0.8122495313      0.4252464676
</xyz><atoms>N
H
H
H
</atoms><point_group classtype="PointGroup" isabelian="false" name="" serial_id="6381744" xmlns="pg"><molecule>6380032</molecule><classes/><subgroups/><subspaces/><symmops><symmop classtype="IdentityElement" name="identity" serial_id="3250896" type="4"/></symmops></point_group></dispmol><molecule>3233104</molecule><coordinates><coordinate>3247664</coordinate><coordinate>3260000</coordinate><coordinate>3259696</coordinate><coordinate>3259872</coordinate><coordinate>3256816</coordinate><coordinate>3257184</coordinate></coordinates><simples><simple>3233008</simple><simple>3252720</simple><simple>3251536</simple><simple>3251920</simple><simple>3254704</simple><simple>3255152</simple></simples></displacement><displacement classtype="Displacement" energy_assigned="true" fc_assigned="true" grad_assigned="true" number="13" refcount="7" serial_id="3463680" unique="true"><energy units="aj"> -241.77107780509763</energy><gradients bond_units="angstrom" energy_units="aj" n="6">      0.0025650163
      0.0025650162
     -0.0920434437
     -0.0012050902
     -0.0028913838
     -0.0028913839
</gradients><fc bond_units="angstrom" energy_units="aj" ncol="6" nrow="6">        8.9619862547     -0.2530065185     -0.2576740679      0.2863581450      0.2917050249      0.1180547912
       -0.2530065185      8.9619862542     -0.2576740682      0.2863581451      0.1180547914      0.2917050247
       -0.2576740679     -0.2576740682      9.4485967569      0.1218567359      0.2907909942      0.2907909940
        0.2863581450      0.2863581451      0.1218567359      1.0214211886     -0.0889202521     -0.0889202520
        0.2917050249      0.1180547914      0.2907909942     -0.0889202521      1.0243993827     -0.0883400888
        0.1180547912      0.2917050247      0.2907909940     -0.0889202520     -0.0883400888      1.0243993826
</fc><disps n="6">0     0.00000000000000    -1.00000000000000     0.00000000000000     0.00000000000000     0.00000000000000</disps><dispsizes n="6">0.01     0.01000000000000     0.01000000000000     0.02000000000000     0.02000000000000     0.02000000000000</dispsizes><dispmol natoms="4" serial_id="6380784"><xyz ncol="3" nrow="4" units="angstrom">        0.0014580198     -0.0025253644      0.0010365899
       -0.9395287018     -0.0017862763      0.4260626210
        0.4713113116      0.8127625852      0.4260626210
        0.4667593704     -0.8084509445      0.4247485635
