<?xml version="1.0" ?>
<project>
	<displacement number="1">
		<molecule>
			<xyz units="bohr">
				N      -0.146046378400     0.000000000000     0.000000000000
H       0.676406510100     0.884688736900    -1.532325841200
H       0.676406510100    -1.769377473800     0.000000000000
H       0.676406510100     0.884688736900     1.532325841200
			</xyz>
			<energy type="molecular" value="-55.4553806924"/>
		</molecule>
		<energy type="molecular" value="-55.4553806924"/>
		<energy type="mp2" value="-55.5056527792"/>
		<energy type="mp2 correlation" value=" -0.0502720868"/>
		<energy type="scf" value="-55.4553806924"/>
		<gradient type="xyz">
			   -0.002494748200
    0.000000000000
    0.000000000000
    0.000831582700
   -0.000725829200
    0.001257173100
    0.000831582700
    0.001451658400
    0.000000000000
    0.000831582700
   -0.000725829200
   -0.001257173100
		</gradient>
		<fc type="xyz">
			    0.351716685900    0.000000000000    0.000000000000   -0.117238895300   -0.073736126000    0.127714716700   -0.117238895300    0.147472252100    0.000000000000   -0.117238895300   -0.073736126000   -0.127714716700
    0.000000000000    0.833679207600    0.000000000000   -0.128701974700   -0.186953089700    0.157512664900    0.257403949300   -0.459773028200    0.000000000000   -0.128701974700   -0.186953089700   -0.157512664900
    0.000000000000    0.000000000000    0.833679207600    0.222918359100    0.157512664900   -0.368833048700    0.000000000000    0.000000000000   -0.096013110200   -0.222918359100   -0.157512664900   -0.368833048700
   -0.117238895300   -0.128701974700    0.222918359100    0.118298063500    0.095660219600   -0.165688360500   -0.000529584200    0.021924093500   -0.025495451100   -0.000529584200    0.011117661600   -0.031734547400
   -0.073736126000   -0.186953089700    0.157512664900    0.095660219600    0.190752696600   -0.177178366100   -0.033041755100   -0.018930800300    0.049364578700    0.011117661600    0.015131193400   -0.029698877400
    0.127714716700    0.157512664900   -0.368833048700   -0.165688360500   -0.177178366100    0.395340651400    0.006239096400   -0.010033176200    0.003777195400    0.031734547400    0.029698877400   -0.030284798200
   -0.117238895300    0.257403949300    0.000000000000   -0.000529584200   -0.033041755100    0.006239096400    0.118298063500   -0.191320439100    0.000000000000   -0.000529584200   -0.033041755100   -0.006239096400
    0.147472252100   -0.459773028200    0.000000000000    0.021924093500   -0.018930800300   -0.010033176200   -0.191320439100    0.497634628800    0.000000000000    0.021924093500   -0.018930800300    0.010033176200
    0.000000000000    0.000000000000   -0.096013110200   -0.025495451100    0.049364578700    0.003777195400    0.000000000000    0.000000000000    0.088458719200    0.025495451100   -0.049364578700    0.003777195400
   -0.117238895300   -0.128701974700   -0.222918359100   -0.000529584200    0.011117661600    0.031734547400   -0.000529584200    0.021924093500    0.025495451100    0.118298063500    0.095660219600    0.165688360500
   -0.073736126000   -0.186953089700   -0.157512664900    0.011117661600    0.015131193400    0.029698877400   -0.033041755100   -0.018930800300   -0.049364578700    0.095660219600    0.190752696600    0.177178366100
   -0.127714716700   -0.157512664900   -0.368833048700   -0.031734547400   -0.029698877400   -0.030284798200   -0.006239096400    0.010033176200    0.003777195400    0.165688360500    0.177178366100    0.395340651400
		</fc>
	</displacement>
	<displacement number="2">
		<molecule>
			<xyz units="bohr">
				N      -0.139776631500     0.000000000000     0.000000000000
H       0.647368490200     0.892682468200    -1.546171389900
H       0.647368490200    -1.785364936400     0.000000000000
H       0.647368490200     0.892682468200     1.546171389900
			</xyz>
			<energy type="molecular" value="-55.4553809646"/>
		</molecule>
		<energy type="molecular" value="-55.4553809646"/>
		<energy type="mp2" value="-55.5051903353"/>
		<energy type="mp2 correlation" value=" -0.0498093707"/>
		<energy type="scf" value="-55.4553809646"/>
		<gradient type="xyz">
			    0.002417526600
    0.000000000000
    0.000000000000
   -0.000805842200
    0.000713379900
   -0.001235610300
   -0.000805842200
   -0.001426759900
    0.000000000000
   -0.000805842200
    0.000713379900
    0.001235610300
		</gradient>
		<fc type="xyz">
			    0.320434269500    0.000000000000    0.000000000000   -0.106811423100   -0.071193991500    0.123311610400   -0.106811423100    0.142387983000    0.000000000000   -0.106811423100   -0.071193991500   -0.123311610400
    0.000000000000    0.847938560900    0.000000000000   -0.125066536800   -0.190088359600    0.160314859600    0.250133073600   -0.467761841700    0.000000000000   -0.125066536800   -0.190088359600   -0.160314859600
    0.000000000000    0.000000000000    0.847938560900    0.216621596000    0.160314859600   -0.375204014300    0.000000000000    0.000000000000   -0.097530532200   -0.216621596000   -0.160314859600   -0.375204014300
   -0.106811423100   -0.125066536800    0.216621596000    0.109656936200    0.092625236900   -0.160431616300   -0.001422756500    0.021431245400   -0.025086651300   -0.001422756500    0.011010054700   -0.031103328600
   -0.071193991500   -0.190088359600    0.160314859600    0.092625236900    0.192032458400   -0.179099404300   -0.032441299900   -0.017239942300    0.048139260800    0.011010054700    0.015295843500   -0.029354716200
    0.123311610400    0.160314859600   -0.375204014300   -0.160431616300   -0.179099404300    0.398838637000    0.006016677300   -0.010570171500    0.004450581600    0.031103328600    0.029354716200   -0.028085204100
   -0.106811423100    0.250133073600    0.000000000000   -0.001422756500   -0.032441299900    0.006016677300    0.109656936200   -0.185250473600    0.000000000000   -0.001422756500   -0.032441299900   -0.006016677300
    0.142387983000   -0.467761841700    0.000000000000    0.021431245400   -0.017239942300   -0.010570171500   -0.185250473600    0.502241726200    0.000000000000    0.021431245400   -0.017239942300    0.010570171500
    0.000000000000    0.000000000000   -0.097530532200   -0.025086651300    0.048139260800    0.004450581600    0.000000000000    0.000000000000    0.088629369100    0.025086651300   -0.048139260800    0.004450581600
   -0.106811423100   -0.125066536800   -0.216621596000   -0.001422756500    0.011010054700    0.031103328600   -0.001422756500    0.021431245400    0.025086651300    0.109656936200    0.092625236900    0.160431616300
   -0.071193991500   -0.190088359600   -0.160314859600    0.011010054700    0.015295843500    0.029354716200   -0.032441299900   -0.017239942300   -0.048139260800    0.092625236900    0.192032458400    0.179099404300
   -0.123311610400   -0.160314859600   -0.375204014300   -0.031103328600   -0.029354716200   -0.028085204100   -0.006016677300    0.010570171500    0.004450581600    0.160431616300    0.179099404300    0.398838637000
		</fc>
	</displacement>
	<displacement number="3">
		<molecule>
			<xyz units="bohr">
				N      -0.149095139800     0.000000000000     0.000000000000
H       0.690526696400     0.880647570100    -1.525326335000
H       0.690526696400    -1.761295140200     0.000000000000
H       0.690526696400     0.880647570100     1.525326335000
			</xyz>
			<energy type="molecular" value="-55.4552629166"/>
		</molecule>
		<energy type="molecular" value="-55.4552629166"/>
		<energy type="mp2" value="-55.5057722961"/>
		<energy type="mp2 correlation" value=" -0.0505093794"/>
		<energy type="scf" value="-55.4552629166"/>
		<gradient type="xyz">
			   -0.005059447700
    0.000000000000
    0.000000000000
    0.001686482600
   -0.001465025900
    0.002537499200
    0.001686482600
    0.002930051700
    0.000000000000
    0.001686482600
   -0.001465025900
   -0.002537499200
		</gradient>
		<fc type="xyz">
			    0.366966169000    0.000000000000    0.000000000000   -0.122322056300   -0.074923480000    0.129771274100   -0.122322056300    0.149846960100    0.000000000000   -0.122322056300   -0.074923480000   -0.129771274100
    0.000000000000    0.826526254600    0.000000000000   -0.130379444100   -0.185377228400    0.156112377500    0.260758888200   -0.455771797800    0.000000000000   -0.130379444100   -0.185377228400   -0.156112377500
    0.000000000000    0.000000000000    0.826526254600    0.225823821500    0.156112377500   -0.365640274700    0.000000000000    0.000000000000   -0.095245705200   -0.225823821500   -0.156112377500   -0.365640274700
   -0.122322056300   -0.130379444100    0.225823821500    0.122535369600    0.097078530600   -0.168144947300   -0.000106656700    0.022155050600   -0.025661358400   -0.000106656700    0.011145862900   -0.032017515800
   -0.074923480000   -0.185377228400    0.156112377500    0.097078530600    0.190112738200   -0.176232673800   -0.033300913500   -0.019792442600    0.049991524300    0.011145862900    0.015056932800   -0.029871228000
    0.129771274100    0.156112377500   -0.365640274700   -0.168144947300   -0.176232673800    0.393608701500    0.006356157500   -0.009750931700    0.003440474400    0.032017515800    0.029871228000   -0.031408901200
   -0.122322056300    0.260758888200    0.000000000000   -0.000106656700   -0.033300913500    0.006356157500    0.122535369600   -0.194157061200    0.000000000000   -0.000106656700   -0.033300913500   -0.006356157500
    0.149846960100   -0.455771797800    0.000000000000    0.022155050600   -0.019792442600   -0.009750931700   -0.194157061200    0.495356683100    0.000000000000    0.022155050600   -0.019792442600    0.009750931700
    0.000000000000    0.000000000000   -0.095245705200   -0.025661358400    0.049991524300    0.003440474400    0.000000000000    0.000000000000    0.088364756500    0.025661358400   -0.049991524300    0.003440474400
   -0.122322056300   -0.130379444100   -0.225823821500   -0.000106656700    0.011145862900    0.032017515800   -0.000106656700    0.022155050600    0.025661358400    0.122535369600    0.097078530600    0.168144947300
   -0.074923480000   -0.185377228400   -0.156112377500    0.011145862900    0.015056932800    0.029871228000   -0.033300913500   -0.019792442600   -0.049991524300    0.097078530600    0.190112738200    0.176232673800
   -0.129771274100   -0.156112377500   -0.365640274700   -0.032017515800   -0.029871228000   -0.031408901200   -0.006356157500    0.009750931700    0.003440474400    0.168144947300    0.176232673800    0.393608701500
		</fc>
	</displacement>
	<displacement number="4">
		<molecule>
			<xyz units="bohr">
				N      -0.136548613200     0.000000000000     0.000000000000
H       0.632418084900     0.896634766200    -1.553016970900
H       0.632418084900    -1.793269532400     0.000000000000
H       0.632418084900     0.896634766200     1.553016970900
			</xyz>
			<energy type="molecular" value="-55.4552651118"/>
		</molecule>
		<energy type="molecular" value="-55.4552651118"/>
		<energy type="mp2" value="-55.5048487546"/>
		<energy type="mp2 correlation" value=" -0.0495836428"/>
		<energy type="scf" value="-55.4552651118"/>
		<gradient type="xyz">
			    0.004752178300
    0.000000000000
    0.000000000000
   -0.001584059400
    0.001414342300
   -0.002449712700
   -0.001584059400
   -0.002828684500
    0.000000000000
   -0.001584059400
    0.001414342300
    0.002449712700
		</gradient>
		<fc type="xyz">
			    0.304413650900    0.000000000000    0.000000000000   -0.101471216900   -0.069834772900    0.120957374800   -0.101471216900    0.139669545900    0.000000000000   -0.101471216900   -0.069834772900   -0.120957374800
    0.000000000000    0.855042461000    0.000000000000   -0.123099427100   -0.191647890200    0.161715112200    0.246198854300   -0.471746680800    0.000000000000   -0.123099427100   -0.191647890200   -0.161715112200
    0.000000000000    0.000000000000    0.855042461000    0.213214462200    0.161715112200   -0.378380417200    0.000000000000    0.000000000000   -0.098281626600   -0.213214462200   -0.161715112200   -0.378380417200
   -0.101471216900   -0.123099427100    0.213214462200    0.105256542300    0.091002144100   -0.157620337300   -0.001892662700    0.021167371300   -0.024841762500   -0.001892662700    0.010929911700   -0.030752362500
   -0.069834772900   -0.191647890200    0.161715112200    0.091002144100    0.192672718900   -0.180072530100   -0.032097283000   -0.016410404700    0.047541036000    0.010929911700    0.015385576000   -0.029183618000
    0.120957374800    0.161715112200   -0.378380417200   -0.157620337300   -0.180072530100    0.400602566400    0.005910600000   -0.010826200000    0.004786915800    0.030752362500    0.029183618000   -0.027009065000
   -0.101471216900    0.246198854300    0.000000000000   -0.001892662700   -0.032097283000    0.005910600000    0.105256542300   -0.182004288400    0.000000000000   -0.001892662700   -0.032097283000   -0.005910600000
    0.139669545900   -0.471746680800    0.000000000000    0.021167371300   -0.016410404700   -0.010826200000   -0.182004288400    0.504567490100    0.000000000000    0.021167371300   -0.016410404700    0.010826200000
    0.000000000000    0.000000000000   -0.098281626600   -0.024841762500    0.047541036000    0.004786915800    0.000000000000    0.000000000000    0.088707795100    0.024841762500   -0.047541036000    0.004786915800
   -0.101471216900   -0.123099427100   -0.213214462200   -0.001892662700    0.010929911700    0.030752362500   -0.001892662700    0.021167371300    0.024841762500    0.105256542300    0.091002144100    0.157620337300
   -0.069834772900   -0.191647890200   -0.161715112200    0.010929911700    0.015385576000    0.029183618000   -0.032097283000   -0.016410404700   -0.047541036000    0.091002144100    0.192672718900    0.180072530100
   -0.120957374800   -0.161715112200   -0.378380417200   -0.030752362500   -0.029183618000   -0.027009065000   -0.005910600000    0.010826200000    0.004786915800    0.157620337300    0.180072530100    0.400602566400
		</fc>
	</displacement>
	<displacement number="5">
		<molecule>
			<xyz units="bohr">
				N      -0.142142039700     0.000000000000     0.000000000000
H       0.658323760600     0.883731116300    -1.530667193600
H       0.658323760600    -1.767462232600     0.000000000000
H       0.658323760600     0.883731116300     1.530667193600
			</xyz>
			<energy type="molecular" value="-55.4553217919"/>
		</molecule>
		<energy type="molecular" value="-55.4553217919"/>
		<energy type="mp2" value="-55.5047746614"/>
		<energy type="mp2 correlation" value=" -0.0494528695"/>
		<energy type="scf" value="-55.4553217919"/>
		<gradient type="xyz">
			    0.005935064200
    0.000000000000
    0.000000000000
   -0.001978354700
   -0.002855461100
    0.004945803800
   -0.001978354700
    0.005710922300
    0.000000000000
   -0.001978354700
   -0.002855461100
   -0.004945803800
		</gradient>
		<fc type="xyz">
			    0.336737220100    0.000000000000    0.000000000000   -0.112245740000   -0.075799498200    0.131288582100   -0.112245740000    0.151598996500    0.000000000000   -0.112245740000   -0.075799498200   -0.131288582100
    0.000000000000    0.859236450400    0.000000000000   -0.130832490400   -0.190776217500    0.165646294400    0.261664981000   -0.477684015500    0.000000000000   -0.130832490400   -0.190776217500   -0.165646294400
    0.000000000000    0.000000000000    0.859236450400    0.226608520800    0.165646294400   -0.382048082800    0.000000000000    0.000000000000   -0.095140284900   -0.226608520800   -0.165646294400   -0.382048082800
   -0.112245740000   -0.130832490400    0.226608520800    0.114264770300    0.097752361800   -0.169312057200   -0.001009515200    0.021952863600   -0.025523150700   -0.001009515200    0.011127265100   -0.031773312900
   -0.075799498200   -0.190776217500    0.165646294400    0.097752361800    0.193715968800   -0.185217991500   -0.033080128700   -0.018419462600    0.049554820800    0.011127265100    0.015479711200   -0.029983123700
    0.131288582100    0.165646294400   -0.382048082800   -0.169312057200   -0.185217991500    0.407587283200    0.006250162200   -0.010411426600    0.004179986700    0.031773312900    0.029983123700   -0.029719187100
   -0.112245740000    0.261664981000    0.000000000000   -0.001009515200   -0.033080128700    0.006250162200    0.114264770300   -0.195504723600    0.000000000000   -0.001009515200   -0.033080128700   -0.006250162200
    0.151598996500   -0.477684015500    0.000000000000    0.021952863600   -0.018419462600   -0.010411426600   -0.195504723600    0.514522940500    0.000000000000    0.021952863600   -0.018419462600    0.010411426600
    0.000000000000    0.000000000000   -0.095140284900   -0.025523150700    0.049554820800    0.004179986700    0.000000000000    0.000000000000    0.086780311500    0.025523150700   -0.049554820800    0.004179986700
   -0.112245740000   -0.130832490400   -0.226608520800   -0.001009515200    0.011127265100    0.031773312900   -0.001009515200    0.021952863600    0.025523150700    0.114264770300    0.097752361800    0.169312057200
   -0.075799498200   -0.190776217500   -0.165646294400    0.011127265100    0.015479711200    0.029983123700   -0.033080128700   -0.018419462600   -0.049554820800    0.097752361800    0.193715968800    0.185217991500
   -0.131288582100   -0.165646294400   -0.382048082800   -0.031773312900   -0.029983123700   -0.029719187100   -0.006250162200    0.010411426600    0.004179986700    0.169312057200    0.185217991500    0.407587283200
		</fc>
	</displacement>
	<displacement number="6">
		<molecule>
			<xyz units="bohr">
				N      -0.143740594100     0.000000000000     0.000000000000
H       0.665727385600     0.893669712100    -1.547881346500
H       0.665727385600    -1.787339424200     0.000000000000
H       0.665727385600     0.893669712100     1.547881346500
			</xyz>
			<energy type="molecular" value="-55.4553237921"/>
		</molecule>
		<energy type="molecular" value="-55.4553237921"/>
		<energy type="mp2" value="-55.5059554375"/>
		<energy type="mp2 correlation" value=" -0.0506316454"/>
		<energy type="scf" value="-55.4553237921"/>
		<gradient type="xyz">
			   -0.005739592500
    0.000000000000
    0.000000000000
    0.001913197500
    0.002768894000
   -0.004795865100
    0.001913197500
   -0.005537788100
    0.000000000000
    0.001913197500
    0.002768894000
    0.004795865100
		</gradient>
		<fc type="xyz">
			    0.335652288300    0.000000000000    0.000000000000   -0.111884096100   -0.069303069900    0.120036438200   -0.111884096100    0.138606139800    0.000000000000   -0.111884096100   -0.069303069900   -0.120036438200
    0.000000000000    0.822871934000    0.000000000000   -0.123153047200   -0.186299591600    0.152404974500    0.246306094400   -0.450272750800    0.000000000000   -0.123153047200   -0.186299591600   -0.152404974500
    0.000000000000    0.000000000000    0.822871934000    0.213307334900    0.152404974500   -0.362281697700    0.000000000000    0.000000000000   -0.098308538600   -0.213307334900   -0.152404974500   -0.362281697700
   -0.111884096100   -0.123153047200    0.213307334900    0.113726622000    0.090718878700   -0.157129707200   -0.000921263000    0.021415808800   -0.025087328800   -0.000921263000    0.011018359700   -0.031090298900
   -0.069303069900   -0.186299591600    0.152404974500    0.090718878700    0.189093960300   -0.171279715400   -0.032434168500   -0.017743189400    0.047952256800    0.011018359700    0.014948820700   -0.029077515900
    0.120036438200    0.152404974500   -0.362281697700   -0.157129707200   -0.171279715400    0.386870739800    0.006002970100   -0.010202775100    0.004051483900    0.031090298900    0.029077515900   -0.028640526100
   -0.111884096100    0.246306094400    0.000000000000   -0.000921263000   -0.032434168500    0.006002970100    0.113726622000   -0.181437757400    0.000000000000   -0.000921263000   -0.032434168500   -0.006002970100
    0.138606139800   -0.450272750800    0.000000000000    0.021415808800   -0.017743189400   -0.010202775100   -0.181437757400    0.485759129700    0.000000000000    0.021415808800   -0.017743189400    0.010202775100
    0.000000000000    0.000000000000   -0.098308538600   -0.025087328800    0.047952256800    0.004051483900    0.000000000000    0.000000000000    0.090205570600    0.025087328800   -0.047952256800    0.004051483900
   -0.111884096100   -0.123153047200   -0.213307334900   -0.000921263000    0.011018359700    0.031090298900   -0.000921263000    0.021415808800    0.025087328800    0.113726622000    0.090718878700    0.157129707200
   -0.069303069900   -0.186299591600   -0.152404974500    0.011018359700    0.014948820700    0.029077515900   -0.032434168500   -0.017743189400   -0.047952256800    0.090718878700    0.189093960300    0.171279715400
   -0.120036438200   -0.152404974500   -0.362281697700   -0.031090298900   -0.029077515900   -0.028640526100   -0.006002970100    0.010202775100    0.004051483900    0.157129707200    0.171279715400    0.386870739800
		</fc>
	</displacement>
	<displacement number="7">
		<molecule>
			<xyz units="bohr">
				N      -0.141342762500     0.000000000000     0.000000000000
H       0.654621948100     0.878761818400    -1.522060117200
H       0.654621948100    -1.757523636700     0.000000000000
H       0.654621948100     0.878761818400     1.522060117200
			</xyz>
			<energy type="molecular" value="-55.4550237049"/>
		</molecule>
		<energy type="molecular" value="-55.4550237049"/>
		<energy type="mp2" value="-55.5038974681"/>
		<energy type="mp2 correlation" value=" -0.0488737632"/>
		<energy type="scf" value="-55.4550237049"/>
		<gradient type="xyz">
			    0.012073487600
    0.000000000000
    0.000000000000
   -0.004024495900
   -0.005800591100
    0.010046918400
   -0.004024495900
    0.011601182100
    0.000000000000
   -0.004024495900
   -0.005800591100
   -0.010046918400
		</gradient>
		<fc type="xyz">
			    0.337251161200    0.000000000000    0.000000000000   -0.112417053700   -0.079225168300    0.137222016700   -0.112417053700    0.158450336500    0.000000000000   -0.112417053700   -0.079225168300   -0.137222016700
    0.000000000000    0.878147804700    0.000000000000   -0.134857958800   -0.193058686000    0.172611418400    0.269715917700   -0.492030432700    0.000000000000   -0.134857958800   -0.193058686000   -0.172611418400
    0.000000000000    0.000000000000    0.878147804700    0.233580836500    0.172611418400   -0.392373183700    0.000000000000    0.000000000000   -0.093401437100   -0.233580836500   -0.172611418400   -0.392373183700
   -0.112417053700   -0.134857958800    0.233580836500    0.114506183000    0.101450217000   -0.175716930200   -0.001044564600    0.022225048700   -0.025744299700   -0.001044564600    0.011182693200   -0.032119606600
   -0.079225168300   -0.193058686000    0.172611418400    0.101450217000    0.196064794900   -0.192539723900   -0.033407741900   -0.018761473300    0.050375571900    0.011182693200    0.015755364300   -0.030447266400
    0.137222016700    0.172611418400   -0.392373183700   -0.175716930200   -0.192539723900    0.418390517700    0.006375306900   -0.010518961000    0.004249751800    0.032119606600    0.030447266400   -0.030267085700
   -0.112417053700    0.269715917700    0.000000000000   -0.001044564600   -0.033407741900    0.006375306900    0.114506183000   -0.202900433900    0.000000000000   -0.001044564600   -0.033407741900   -0.006375306900
    0.158450336500   -0.492030432700    0.000000000000    0.022225048700   -0.018761473300   -0.010518961000   -0.202900433900    0.529553379100    0.000000000000    0.022225048700   -0.018761473300    0.010518961000
    0.000000000000    0.000000000000   -0.093401437100   -0.025744299700    0.050375571900    0.004249751800    0.000000000000    0.000000000000    0.084901933500    0.025744299700   -0.050375571900    0.004249751800
   -0.112417053700   -0.134857958800   -0.233580836500   -0.001044564600    0.011182693200    0.032119606600   -0.001044564600    0.022225048700    0.025744299700    0.114506183000    0.101450217000    0.175716930200
   -0.079225168300   -0.193058686000   -0.172611418400    0.011182693200    0.015755364300    0.030447266400   -0.033407741900   -0.018761473300   -0.050375571900    0.101450217000    0.196064794900    0.192539723900
   -0.137222016700   -0.172611418400   -0.392373183700   -0.032119606600   -0.030447266400   -0.030267085700   -0.006375306900    0.010518961000    0.004249751800    0.175716930200    0.192539723900    0.418390517700
		</fc>
	</displacement>
	<displacement number="8">
		<molecule>
			<xyz units="bohr">
				N      -0.144539871400     0.000000000000     0.000000000000
H       0.669429198000     0.898639010000    -1.556488423000
H       0.669429198000    -1.797278020000     0.000000000000
H       0.669429198000     0.898639010000     1.556488423000
			</xyz>
			<energy type="molecular" value="-55.4550398327"/>
		</molecule>
		<energy type="molecular" value="-55.4550398327"/>
		<energy type="mp2" value="-55.5062713223"/>
		<energy type="mp2 correlation" value=" -0.0512314896"/>
		<energy type="scf" value="-55.4550398327"/>
		<gradient type="xyz">
			   -0.011289399700
    0.000000000000
    0.000000000000
    0.003763133200
    0.005453337900
   -0.009445458200
    0.003763133200
   -0.010906675700
    0.000000000000
    0.003763133200
    0.005453337900
    0.009445458200
		</gradient>
		<fc type="xyz">
			    0.335081908500    0.000000000000    0.000000000000   -0.111693969500   -0.066223198200    0.114701944000   -0.111693969500    0.132446396400    0.000000000000   -0.111693969500   -0.066223198200   -0.114701944000
    0.000000000000    0.805384154500    0.000000000000   -0.119489654900   -0.184103911900    0.146111429200    0.238979309800   -0.437176330900    0.000000000000   -0.119489654900   -0.184103911900   -0.146111429200
    0.000000000000    0.000000000000    0.805384154500    0.206962153300    0.146111429200   -0.352818857900    0.000000000000    0.000000000000   -0.099746438900   -0.206962153300   -0.146111429200   -0.352818857900
   -0.111693969500   -0.119489654900    0.206962153300    0.113431161600    0.087374049600   -0.151336293200   -0.000868596000    0.021150851400   -0.024872457000   -0.000868596000    0.010964753900   -0.030753403100
   -0.066223198200   -0.184103911900    0.146111429200    0.087374049600    0.186819795400   -0.164645604800   -0.032115605300   -0.017409008700    0.047169953600    0.010964753900    0.014693125100   -0.028635778100
    0.114701944000    0.146111429200   -0.352818857900   -0.151336293200   -0.164645604800    0.376936164100    0.005880946100   -0.010101602500    0.003992413800    0.030753403100    0.028635778100   -0.028109720000
   -0.111693969500    0.238979309800    0.000000000000   -0.000868596000   -0.032115605300    0.005880946100    0.113431161600   -0.174748099100    0.000000000000   -0.000868596000   -0.032115605300   -0.005880946100
    0.132446396400   -0.437176330900    0.000000000000    0.021150851400   -0.017409008700   -0.010101602500   -0.174748099100    0.471994348300    0.000000000000    0.021150851400   -0.017409008700    0.010101602500
    0.000000000000    0.000000000000   -0.099746438900   -0.024872457000    0.047169953600    0.003992413800    0.000000000000    0.000000000000    0.091761611200    0.024872457000   -0.047169953600    0.003992413800
   -0.111693969500   -0.119489654900   -0.206962153300   -0.000868596000    0.010964753900    0.030753403100   -0.000868596000    0.021150851400    0.024872457000    0.113431161600    0.087374049600    0.151336293200
   -0.066223198200   -0.184103911900   -0.146111429200    0.010964753900    0.014693125100    0.028635778100   -0.032115605300   -0.017409008700   -0.047169953600    0.087374049600    0.186819795400    0.164645604800
   -0.114701944000   -0.146111429200   -0.352818857900   -0.030753403100   -0.028635778100   -0.028109720000   -0.005880946100    0.010101602500    0.003992413800    0.151336293200    0.164645604800    0.376936164100
		</fc>
	</displacement>
	<displacement number="9">
		<molecule>
			<xyz units="bohr">
				N      -0.142941316900     0.000000000000     0.000000000000
H       0.662025573100     0.888700414200    -1.539274270100
H       0.662025573100    -1.777400828400     0.000000000000
H       0.662025573100     0.888700414200     1.539274270100
			</xyz>
			<energy type="molecular" value="-55.4554197687"/>
		</molecule>
		<energy type="molecular" value="-55.4554197687"/>
		<energy type="mp2" value="-55.5054585699"/>
		<energy type="mp2 correlation" value=" -0.0500388012"/>
		<energy type="scf" value="-55.4554197687"/>
		<gradient type="xyz">
			   -0.000000321800
    0.000000000000
    0.000000000000
    0.000000107300
    0.000000147800
   -0.000000256000
    0.000000107300
   -0.000000295600
    0.000000000000
    0.000000107300
    0.000000147800
    0.000000256000
		</gradient>
		<fc type="xyz">
			    0.336204147500    0.000000000000    0.000000000000   -0.112068049200   -0.072493685200    0.125562745900   -0.112068049200    0.144987370300    0.000000000000   -0.112068049200   -0.072493685200   -0.125562745900
    0.000000000000    0.840817050800    0.000000000000   -0.126932457400   -0.188523443500    0.158913768000    0.253864914800   -0.463770163700    0.000000000000   -0.126932457400   -0.188523443500   -0.158913768000
    0.000000000000    0.000000000000    0.840817050800    0.219853465300    0.158913768000   -0.372021257000    0.000000000000    0.000000000000   -0.096774536800   -0.219853465300   -0.158913768000   -0.372021257000
   -0.112068049200   -0.126932457400    0.219853465300    0.114004698400    0.094176816600   -0.163119031100   -0.000968324600    0.021683131400   -0.025304194300   -0.000968324600    0.011072509400   -0.031430239800
   -0.072493685200   -0.188523443500    0.158913768000    0.094176816600    0.191392523900   -0.178134314400   -0.032755640800   -0.018080021600    0.048747132100    0.011072509400    0.015210941300   -0.029526585800
    0.125562745900    0.158913768000   -0.372021257000   -0.163119031100   -0.178134314400    0.397084312500    0.006126045400   -0.010306039300    0.004113953700    0.031430239800    0.029526585800   -0.029177009200
   -0.112068049200    0.253864914800    0.000000000000   -0.000968324600   -0.032755640800    0.006126045400    0.114004698400   -0.188353633000    0.000000000000   -0.000968324600   -0.032755640800   -0.006126045400
    0.144987370300   -0.463770163700    0.000000000000    0.021683131400   -0.018080021600   -0.010306039300   -0.188353633000    0.499930206800    0.000000000000    0.021683131400   -0.018080021600    0.010306039300
    0.000000000000    0.000000000000   -0.096774536800   -0.025304194300    0.048747132100    0.004113953700    0.000000000000    0.000000000000    0.088546629500    0.025304194300   -0.048747132100    0.004113953700
   -0.112068049200   -0.126932457400   -0.219853465300   -0.000968324600    0.011072509400    0.031430239800   -0.000968324600    0.021683131400    0.025304194300    0.114004698400    0.094176816600    0.163119031100
   -0.072493685200   -0.188523443500   -0.158913768000    0.011072509400    0.015210941300    0.029526585800   -0.032755640800   -0.018080021600   -0.048747132100    0.094176816600    0.191392523900    0.178134314400
   -0.125562745900   -0.158913768000   -0.372021257000   -0.031430239800   -0.029526585800   -0.029177009200   -0.006126045400    0.010306039300    0.004113953700    0.163119031100    0.178134314400    0.397084312500
		</fc>
	</displacement>
	<displacement number="10">
		<molecule>
			<xyz units="bohr">
				N       0.002122389400    -0.002162307200    -0.142913769600
H      -0.476996693400     1.714703094200     0.650776029200
H       1.718989707900    -0.442753803400     0.672789082300
H      -1.271482236000    -1.241905437000     0.662128855900
			</xyz>
			<energy type="molecular" value="-55.4553688433"/>
		</molecule>
		<energy type="molecular" value="-55.4553688433"/>
		<energy type="mp2" value="-55.5054105112"/>
		<energy type="mp2 correlation" value=" -0.0500416679"/>
		<energy type="scf" value="-55.4553688433"/>
		<gradient type="xyz">
			    0.002319496600
   -0.002321298800
    0.000042611000
   -0.001274413700
   -0.001084284200
    0.000855704100
    0.001056502400
    0.001260606400
   -0.000861297100
   -0.002101585300
    0.002144976600
   -0.000037018000
		</gradient>
		<fc type="xyz">
			    0.848391266900    0.000044868800    0.001966483400   -0.123812947400    0.094987253200    0.066120266800   -0.439295232600    0.087429504600   -0.247903086100   -0.285283087000   -0.182461626700    0.179816335900
    0.000044868800    0.833139141700   -0.001974819400    0.095940196100   -0.439091815800   -0.242398277000    0.088444801400   -0.118885660500    0.065178539400   -0.184429866200   -0.275161665400    0.179194556900
    0.001966483400   -0.001974819400    0.336146811300    0.037717724900   -0.137144058800   -0.109602547200   -0.142848100900    0.037208608400   -0.114448525400    0.103163892600    0.101910269900   -0.112095738700
   -0.123812947400    0.095940196100    0.037717724900    0.118614957800   -0.106172023900   -0.049349467900   -0.007203447700    0.051728170900    0.029615914700    0.012401437300   -0.041496343000   -0.017984171600
    0.094987253200   -0.439091815800   -0.137144058800   -0.106172023900    0.473467633100    0.178794481700   -0.007338483800   -0.006762181600   -0.014286704300    0.018523254500   -0.027613635700   -0.027363718600
    0.066120266800   -0.242398277000   -0.109602547200   -0.049349467900    0.178794481700    0.111279727100   -0.014504089100    0.030478152500   -0.000975842200   -0.002266709700    0.033125642800   -0.000701337700
   -0.439295232600    0.088444801400   -0.142848100900   -0.007203447700   -0.007338483800   -0.014504089100    0.471324847400   -0.099424104600    0.184945451700   -0.024826167200    0.018317787100   -0.027593261600
    0.087429504600   -0.118885660500    0.037208608400    0.051728170900   -0.006762181600    0.030478152500   -0.099424104600    0.113599938400   -0.048030923500   -0.039733570800    0.012047903500   -0.019655837300
   -0.247903086100    0.065178539400   -0.114448525400    0.029615914700   -0.014286704300   -0.000975842200    0.184945451700   -0.048030923500    0.116637729000    0.033341719700   -0.002860911700   -0.001213361300
   -0.285283087000   -0.184429866200    0.103163892600    0.012401437300    0.018523254500   -0.002266709700   -0.024826167200   -0.039733570800    0.033341719700    0.297707816900    0.205640182600   -0.134238902700
   -0.182461626700   -0.275161665400    0.101910269900   -0.041496343000   -0.027613635700    0.033125642800    0.018317787100    0.012047903500   -0.002860911700    0.205640182600    0.290727397600   -0.132175001200
    0.179816335900    0.179194556900   -0.112095738700   -0.017984171600   -0.027363718600   -0.000701337700   -0.027593261600   -0.019655837300   -0.001213361300   -0.134238902700   -0.132175001200    0.114010437700
		</fc>
	</displacement>
	<displacement number="11">
		<molecule>
			<xyz units="bohr">
				N       0.004205674800    -0.004365288500    -0.142831014400
H      -0.493675807200     1.712584730600     0.639039857600
H       1.721161665000    -0.425175254000     0.683066376000
H      -1.285920976700    -1.226756629700     0.662437903700
			</xyz>
			<energy type="molecular" value="-55.4552160429"/>
		</molecule>
		<energy type="molecular" value="-55.4552160429"/>
		<energy type="mp2" value="-55.5052663090"/>
		<energy type="mp2 correlation" value=" -0.0500502661"/>
		<energy type="scf" value="-55.4552160429"/>
		<gradient type="xyz">
			    0.004634933300
   -0.004642051000
    0.000171467300
   -0.002561398600
   -0.002197362900
    0.001707412800
    0.002084549900
    0.002506581500
   -0.001730366000
   -0.004158084700
    0.004332832400
   -0.000148514200
		</gradient>
		<fc type="xyz">
			    0.855860242300    0.000179595400    0.003923639600   -0.126245332600    0.098162946800    0.066423463500   -0.439419341800    0.082980391100   -0.250463830800   -0.290195568000   -0.181322933100    0.180116727700
    0.000179595400    0.825358986000   -0.003956949300    0.100004850500   -0.439011834300   -0.239453180000    0.085071816900   -0.116397789500    0.064541276200   -0.185256262700   -0.269949362200    0.178868853000
    0.003923639600   -0.003956949300    0.335974733900    0.037784336200   -0.134138556600   -0.107056192000   -0.145547541300    0.036768087000   -0.116739850100    0.103839565300    0.101327418900   -0.112178691900
   -0.126245332600    0.100004850500    0.037784336200    0.121128412500   -0.109404678900   -0.049830131800   -0.007423849800    0.051750989100    0.029163755700    0.012540769900   -0.042351160700   -0.017117960100
    0.098162946800   -0.439011834300   -0.134138556600   -0.109404678900    0.474608772300    0.175519225400   -0.007356110400   -0.006540466000   -0.014179188300    0.018597842600   -0.029056472000   -0.027201480400
    0.066423463500   -0.239453180000   -0.107056192000   -0.049830131800    0.175519225400    0.108467176900   -0.014613446300    0.030888577900   -0.000998383200   -0.001979885300    0.033045376700   -0.000412601800
   -0.439419341800    0.085071816900   -0.145547541300   -0.007423849800   -0.007356110400   -0.014613446300    0.470324367300   -0.095904425200    0.187826256000   -0.023481175600    0.018188718700   -0.027665268500
    0.082980391100   -0.116397789500    0.036768087000    0.051750989100   -0.006540466000    0.030888577900   -0.095904425200    0.111106766000   -0.047194439200   -0.038826955000    0.011831489400   -0.020462225900
   -0.250463830800    0.064541276200   -0.116739850100    0.029163755700   -0.014179188300   -0.000998383200    0.187826256000   -0.047194439200    0.119174523900    0.033473819000   -0.003167648700   -0.001436290800
   -0.290195568000   -0.185256262700    0.103839565300    0.012540769900    0.018597842600   -0.001979885300   -0.023481175600   -0.038826955000    0.033473819000    0.301135973600    0.205485375200   -0.135333499000
   -0.181322933100   -0.269949362200    0.101327418900   -0.042351160700   -0.029056472000    0.033045376700    0.018188718700    0.011831489400   -0.003167648700    0.205485375200    0.287174344800   -0.131205146800
    0.180116727700    0.178868853000   -0.112178691900   -0.017117960100   -0.027201480400   -0.000412601800   -0.027665268500   -0.020462225900   -0.001436290800   -0.135333499000   -0.131205146800    0.114027584500
		</fc>
	</displacement>
	<displacement number="12">
		<molecule>
			<xyz units="bohr">
				N      -0.142914478400     0.002993901600     0.000000000000
H       0.655662036200    -0.908179221600    -1.529432734200
H       0.655662036200    -0.908179221600     1.529432734200
H       0.674379742700     1.774760126200     0.000000000000
			</xyz>
			<energy type="molecular" value="-55.4553688138"/>
		</molecule>
		<energy type="molecular" value="-55.4553688138"/>
		<energy type="mp2" value="-55.5054104869"/>
		<energy type="mp2 correlation" value=" -0.0500416731"/>
		<energy type="scf" value="-55.4553688138"/>
		<gradient type="xyz">
			    0.000041944200
    0.003272084100
    0.000000000000
    0.000470270300
   -0.002044541600
    0.001683649500
    0.000470270300
   -0.002044541600
   -0.001683649500
   -0.000982484800
    0.000816999100
    0.000000000000
		</gradient>
		<fc type="xyz">
			    0.336146911900    0.002774091500    0.000000000000   -0.110673434400    0.072614294100    0.123692198100   -0.110673434400    0.072614294100   -0.123692198100   -0.114800043100   -0.148002679700    0.000000000000
    0.002774091500    0.848384552500    0.000000000000    0.126962656900   -0.193412590600   -0.160978787400    0.126962656900   -0.193412590600    0.160978787400   -0.256699405300   -0.461559371400    0.000000000000
