<?xml version="1.0" ?>
<project>
	<displacement number="1">
		<molecule>
			<xyz units="bohr">
				N       0.002122389400    -0.002162307200    -0.142913769600
H      -0.476996693400     1.714703094200     0.650776029200
H       1.718989707900    -0.442753803400     0.672789082300
H      -1.271482236000    -1.241905437000     0.662128855900
			</xyz>
			<energy type="molecular" value="-55.4553688433"/>
		</molecule>
		<energy type="molecular" value="-55.4553688433"/>
		<energy type="mp2" value="-55.5054105112"/>
		<energy type="mp2 correlation" value=" -0.0500416679"/>
		<energy type="scf" value="-55.4553688433"/>
		<gradient type="xyz">
			    0.002319496600
   -0.002321298800
    0.000042611000
   -0.001274413700
   -0.001084284200
    0.000855704100
    0.001056502400
    0.001260606400
   -0.000861297100
   -0.002101585300
    0.002144976600
   -0.000037018000
		</gradient>
		<fc type="xyz">
			    0.848391266900    0.000044868800    0.001966483400   -0.123812947400    0.094987253200    0.066120266800   -0.439295232600    0.087429504600   -0.247903086100   -0.285283087000   -0.182461626700    0.179816335900
    0.000044868800    0.833139141700   -0.001974819400    0.095940196100   -0.439091815800   -0.242398277000    0.088444801400   -0.118885660500    0.065178539400   -0.184429866200   -0.275161665400    0.179194556900
    0.001966483400   -0.001974819400    0.336146811300    0.037717724900   -0.137144058800   -0.109602547200   -0.142848100900    0.037208608400   -0.114448525400    0.103163892600    0.101910269900   -0.112095738700
   -0.123812947400    0.095940196100    0.037717724900    0.118614957800   -0.106172023900   -0.049349467900   -0.007203447700    0.051728170900    0.029615914700    0.012401437300   -0.041496343000   -0.017984171600
    0.094987253200   -0.439091815800   -0.137144058800   -0.106172023900    0.473467633100    0.178794481700   -0.007338483800   -0.006762181600   -0.014286704300    0.018523254500   -0.027613635700   -0.027363718600
    0.066120266800   -0.242398277000   -0.109602547200   -0.049349467900    0.178794481700    0.111279727100   -0.014504089100    0.030478152500   -0.000975842200   -0.002266709700    0.033125642800   -0.000701337700
   -0.439295232600    0.088444801400   -0.142848100900   -0.007203447700   -0.007338483800   -0.014504089100    0.471324847400   -0.099424104600    0.184945451700   -0.024826167200    0.018317787100   -0.027593261600
    0.087429504600   -0.118885660500    0.037208608400    0.051728170900   -0.006762181600    0.030478152500   -0.099424104600    0.113599938400   -0.048030923500   -0.039733570800    0.012047903500   -0.019655837300
   -0.247903086100    0.065178539400   -0.114448525400    0.029615914700   -0.014286704300   -0.000975842200    0.184945451700   -0.048030923500    0.116637729000    0.033341719700   -0.002860911700   -0.001213361300
   -0.285283087000   -0.184429866200    0.103163892600    0.012401437300    0.018523254500   -0.002266709700   -0.024826167200   -0.039733570800    0.033341719700    0.297707816900    0.205640182600   -0.134238902700
   -0.182461626700   -0.275161665400    0.101910269900   -0.041496343000   -0.027613635700    0.033125642800    0.018317787100    0.012047903500   -0.002860911700    0.205640182600    0.290727397600   -0.132175001200
    0.179816335900    0.179194556900   -0.112095738700   -0.017984171600   -0.027363718600   -0.000701337700   -0.027593261600   -0.019655837300   -0.001213361300   -0.134238902700   -0.132175001200    0.114010437700
		</fc>
	</displacement>
	<displacement number="2">
		<molecule>
			<xyz units="bohr">
				N       0.004205674800    -0.004365288500    -0.142831014400
H      -0.493675807200     1.712584730600     0.639039857600
H       1.721161665000    -0.425175254000     0.683066376000
H      -1.285920976700    -1.226756629700     0.662437903700
			</xyz>
			<energy type="molecular" value="-55.4552160429"/>
		</molecule>
		<energy type="molecular" value="-55.4552160429"/>
		<energy type="mp2" value="-55.5052663090"/>
		<energy type="mp2 correlation" value=" -0.0500502661"/>
		<energy type="scf" value="-55.4552160429"/>
		<gradient type="xyz">
			    0.004634933300
   -0.004642051000
    0.000171467300
   -0.002561398600
   -0.002197362900
    0.001707412800
    0.002084549900
    0.002506581500
   -0.001730366000
   -0.004158084700
    0.004332832400
   -0.000148514200
		</gradient>
		<fc type="xyz">
			    0.855860242300    0.000179595400    0.003923639600   -0.126245332600    0.098162946800    0.066423463500   -0.439419341800    0.082980391100   -0.250463830800   -0.290195568000   -0.181322933100    0.180116727700
    0.000179595400    0.825358986000   -0.003956949300    0.100004850500   -0.439011834300   -0.239453180000    0.085071816900   -0.116397789500    0.064541276200   -0.185256262700   -0.269949362200    0.178868853000
    0.003923639600   -0.003956949300    0.335974733900    0.037784336200   -0.134138556600   -0.107056192000   -0.145547541300    0.036768087000   -0.116739850100    0.103839565300    0.101327418900   -0.112178691900
   -0.126245332600    0.100004850500    0.037784336200    0.121128412500   -0.109404678900   -0.049830131800   -0.007423849800    0.051750989100    0.029163755700    0.012540769900   -0.042351160700   -0.017117960100
    0.098162946800   -0.439011834300   -0.134138556600   -0.109404678900    0.474608772300    0.175519225400   -0.007356110400   -0.006540466000   -0.014179188300    0.018597842600   -0.029056472000   -0.027201480400
    0.066423463500   -0.239453180000   -0.107056192000   -0.049830131800    0.175519225400    0.108467176900   -0.014613446300    0.030888577900   -0.000998383200   -0.001979885300    0.033045376700   -0.000412601800
   -0.439419341800    0.085071816900   -0.145547541300   -0.007423849800   -0.007356110400   -0.014613446300    0.470324367300   -0.095904425200    0.187826256000   -0.023481175600    0.018188718700   -0.027665268500
    0.082980391100   -0.116397789500    0.036768087000    0.051750989100   -0.006540466000    0.030888577900   -0.095904425200    0.111106766000   -0.047194439200   -0.038826955000    0.011831489400   -0.020462225900
   -0.250463830800    0.064541276200   -0.116739850100    0.029163755700   -0.014179188300   -0.000998383200    0.187826256000   -0.047194439200    0.119174523900    0.033473819000   -0.003167648700   -0.001436290800
   -0.290195568000   -0.185256262700    0.103839565300    0.012540769900    0.018597842600   -0.001979885300   -0.023481175600   -0.038826955000    0.033473819000    0.301135973600    0.205485375200   -0.135333499000
   -0.181322933100   -0.269949362200    0.101327418900   -0.042351160700   -0.029056472000    0.033045376700    0.018188718700    0.011831489400   -0.003167648700    0.205485375200    0.287174344800   -0.131205146800
    0.180116727700    0.178868853000   -0.112178691900   -0.017117960100   -0.027201480400   -0.000412601800   -0.027665268500   -0.020462225900   -0.001436290800   -0.135333499000   -0.131205146800    0.114027584500
		</fc>
	</displacement>
	<displacement number="3">
		<molecule>
			<xyz units="bohr">
				N      -0.142914478400     0.002993901600     0.000000000000
H       0.655662036200    -0.908179221600    -1.529432734200
H       0.655662036200    -0.908179221600     1.529432734200
H       0.674379742700     1.774760126200     0.000000000000
			</xyz>
			<energy type="molecular" value="-55.4553688138"/>
		</molecule>
		<energy type="molecular" value="-55.4553688138"/>
		<energy type="mp2" value="-55.5054104869"/>
		<energy type="mp2 correlation" value=" -0.0500416731"/>
		<energy type="scf" value="-55.4553688138"/>
		<gradient type="xyz">
			    0.000041944200
    0.003272084100
    0.000000000000
    0.000470270300
   -0.002044541600
    0.001683649500
    0.000470270300
   -0.002044541600
   -0.001683649500
   -0.000982484800
    0.000816999100
    0.000000000000
		</gradient>
		<fc type="xyz">
			    0.336146911900    0.002774091500    0.000000000000   -0.110673434400    0.072614294100    0.123692198100   -0.110673434400    0.072614294100   -0.123692198100   -0.114800043100   -0.148002679700    0.000000000000
    0.002774091500    0.848384552500    0.000000000000    0.126962656900   -0.193412590600   -0.160978787400    0.126962656900   -0.193412590600    0.160978787400   -0.256699405300   -0.461559371400    0.000000000000
    0.000000000000    0.000000000000    0.833145971900    0.218111931300   -0.162652164400   -0.368428579800   -0.218111931300    0.162652164400   -0.368428579800    0.000000000000    0.000000000000   -0.096288812300
   -0.110673434400    0.126962656900    0.218111931300    0.112446495600   -0.094782226200   -0.160894354200   -0.000655570000   -0.010442415400   -0.031221586800   -0.001117491200   -0.021738015300   -0.025995990300
    0.072614294100   -0.193412590600   -0.162652164400   -0.094782226200    0.195473219400    0.180554399000   -0.010442415400    0.015500586100    0.030080738500    0.032610347500   -0.017561215000   -0.047982973000
    0.123692198100   -0.160978787400   -0.368428579800   -0.160894354200    0.180554399000    0.395051120300    0.031221586800   -0.030080738500   -0.030910898000    0.005980569300    0.010505127000    0.004288357600
   -0.110673434400    0.126962656900   -0.218111931300   -0.000655570000   -0.010442415400    0.031221586800    0.112446495600   -0.094782226200    0.160894354200   -0.001117491200   -0.021738015300    0.025995990300
    0.072614294100   -0.193412590600    0.162652164400   -0.010442415400    0.015500586100   -0.030080738500   -0.094782226200    0.195473219400   -0.180554399000    0.032610347500   -0.017561215000    0.047982973000
   -0.123692198100    0.160978787400   -0.368428579800   -0.031221586800    0.030080738500   -0.030910898000    0.160894354200   -0.180554399000    0.395051120300   -0.005980569300   -0.010505127000    0.004288357600
   -0.114800043100   -0.256699405300    0.000000000000   -0.001117491200    0.032610347500    0.005980569300   -0.001117491200    0.032610347500   -0.005980569300    0.117035025600    0.191478710300    0.000000000000
   -0.148002679700   -0.461559371400    0.000000000000   -0.021738015300   -0.017561215000    0.010505127000   -0.021738015300   -0.017561215000   -0.010505127000    0.191478710300    0.496681801300    0.000000000000
    0.000000000000    0.000000000000   -0.096288812300   -0.025995990300   -0.047982973000    0.004288357600    0.025995990300    0.047982973000    0.004288357600    0.000000000000    0.000000000000    0.087712097200
		</fc>
	</displacement>
	<displacement number="4">
		<molecule>
			<xyz units="bohr">
				N      -0.003065414600     0.142913060900     0.000000000000
H      -0.868808978400    -0.668364711000    -1.549013188200
H      -0.868808978400    -0.668364711000     1.549013188200
H       1.780209901000    -0.648954697800     0.000000000000
			</xyz>
			<energy type="molecular" value="-55.4553688727"/>
		</molecule>
		<energy type="molecular" value="-55.4553688727"/>
		<energy type="mp2" value="-55.5054105355"/>
		<energy type="mp2 correlation" value=" -0.0500416628"/>
		<energy type="scf" value="-55.4553688727"/>
		<gradient type="xyz">
			   -0.003290965000
   -0.000043277900
    0.000000000000
    0.002051786100
    0.000521485200
   -0.001623007500
    0.002051786100
    0.000521485200
    0.001623007500
   -0.000812607200
   -0.000999692600
    0.000000000000
		</gradient>
		<fc type="xyz">
			    0.833132054100    0.002799705400    0.000000000000   -0.183533490500   -0.126818860100   -0.156738206600   -0.183533490500   -0.126818860100    0.156738206600   -0.466065073300    0.250838014700    0.000000000000
    0.002799705400    0.336146710600    0.000000000000   -0.072294978800   -0.113471193400   -0.127459319200   -0.072294978800   -0.113471193400    0.127459319200    0.141790252200   -0.109204323700    0.000000000000
    0.000000000000    0.000000000000    0.848398238800   -0.155002492900   -0.221574139300   -0.375580275700    0.155002492900    0.221574139300   -0.375580275700    0.000000000000    0.000000000000   -0.097237687300
   -0.183533490500   -0.072294978800   -0.155002492900    0.187251562800    0.093505229500    0.175579090100    0.014885470600    0.011703938100    0.028944352700   -0.018603542900   -0.032914188800   -0.049520949900
   -0.126818860100   -0.113471193400   -0.221574139300    0.093505229500    0.115539856900    0.165362382700    0.011703938100   -0.001246796800    0.031630919000    0.021609692400   -0.000821866700    0.024580837400
   -0.156738206600   -0.127459319200   -0.375580275700    0.175579090100    0.165362382700    0.399140225800   -0.028944352700   -0.031630919000   -0.027485359400    0.010103469100   -0.006272144500    0.003925409300
   -0.183533490500   -0.072294978800    0.155002492900    0.014885470600    0.011703938100   -0.028944352700    0.187251562800    0.093505229500   -0.175579090100   -0.018603542900   -0.032914188800    0.049520949900
   -0.126818860100   -0.113471193400    0.221574139300    0.011703938100   -0.001246796800   -0.031630919000    0.093505229500    0.115539856900   -0.165362382700    0.021609692400   -0.000821866700   -0.024580837400
    0.156738206600    0.127459319200   -0.375580275700    0.028944352700    0.031630919000   -0.027485359400   -0.175579090100   -0.165362382700    0.399140225800   -0.010103469100    0.006272144500    0.003925409300
   -0.466065073300    0.141790252200    0.000000000000   -0.018603542900    0.021609692400    0.010103469100   -0.018603542900    0.021609692400   -0.010103469100    0.503272159000   -0.185009637000    0.000000000000
    0.250838014700   -0.109204323700    0.000000000000   -0.032914188800   -0.000821866700   -0.006272144500   -0.032914188800   -0.000821866700    0.006272144500   -0.185009637000    0.110848056900    0.000000000000
    0.000000000000    0.000000000000   -0.097237687300   -0.049520949900    0.024580837400    0.003925409300    0.049520949900   -0.024580837400    0.003925409300    0.000000000000    0.000000000000    0.089386868800
		</fc>
	</displacement>
	<displacement number="5">
		<molecule>
			<xyz units="bohr">
				N      -0.142836682300     0.005917066700     0.000000000000
H       0.649292450600    -0.927254565300    -1.519489236700
H       0.649292450600    -0.927254565300     1.519489236700
H       0.686037987800     1.772295333100     0.000000000000
			</xyz>
			<energy type="molecular" value="-55.4552158073"/>
		</molecule>
		<energy type="molecular" value="-55.4552158073"/>
		<energy type="mp2" value="-55.5052661145"/>
		<energy type="mp2 correlation" value=" -0.0500503072"/>
		<energy type="scf" value="-55.4552158073"/>
		<gradient type="xyz">
			    0.000166138600
    0.006522040700
    0.000000000000
    0.000891393700
   -0.004079262400
    0.003429200800
    0.000891393700
   -0.004079262400
   -0.003429200800
   -0.001948926000
    0.001636484000
    0.000000000000
		</gradient>
		<fc type="xyz">
			    0.335975546700    0.005521304900    0.000000000000   -0.109289602500    0.072661675000    0.121851611400   -0.109289602500    0.072661675000   -0.121851611400   -0.117396341500   -0.150844655000    0.000000000000
    0.005521304900    0.855834105800    0.000000000000    0.126915009300   -0.198198758500   -0.162938638000    0.126915009300   -0.198198758500    0.162938638000   -0.259351323500   -0.459436588900    0.000000000000
    0.000000000000    0.000000000000    0.825386043300    0.216354931200   -0.166220373200   -0.364802693200   -0.216354931200    0.166220373200   -0.364802693200    0.000000000000    0.000000000000   -0.095780656900
   -0.109289602500    0.126915009300    0.216354931200    0.110867666200   -0.095325057900   -0.158692170400   -0.000308766800   -0.009814394100   -0.031005073600   -0.001269296900   -0.021775557300   -0.026657687200
    0.072661675000   -0.198198758500   -0.166220373200   -0.095325057900    0.199489903900    0.182843746800   -0.009814394100    0.015756528800    0.030605963400    0.032477776900   -0.017047674200   -0.047229336900
    0.121851611400   -0.162938638000   -0.364802693200   -0.158692170400    0.182843746800    0.393041851200    0.031005073600   -0.030605963400   -0.032687945400    0.005835485400    0.010700854600    0.004448787400
   -0.109289602500    0.126915009300   -0.216354931200   -0.000308766800   -0.009814394100    0.031005073600    0.110867666200   -0.095325057900    0.158692170400   -0.001269296900   -0.021775557300    0.026657687200
    0.072661675000   -0.198198758500    0.166220373200   -0.009814394100    0.015756528800   -0.030605963400   -0.095325057900    0.199489903900   -0.182843746800    0.032477776900   -0.017047674200    0.047229336900
   -0.121851611400    0.162938638000   -0.364802693200   -0.031005073600    0.030605963400   -0.032687945400    0.158692170400   -0.182843746800    0.393041851200   -0.005835485400   -0.010700854600    0.004448787400
   -0.117396341500   -0.259351323500    0.000000000000   -0.001269296900    0.032477776900    0.005835485400   -0.001269296900    0.032477776900   -0.005835485400    0.119934935300    0.194395769700    0.000000000000
   -0.150844655000   -0.459436588900    0.000000000000   -0.021775557300   -0.017047674200    0.010700854600   -0.021775557300   -0.017047674200   -0.010700854600    0.194395769700    0.493531937200    0.000000000000
    0.000000000000    0.000000000000   -0.095780656900   -0.026657687200   -0.047229336900    0.004448787400    0.026657687200    0.047229336900    0.004448787400    0.000000000000    0.000000000000    0.086883082000
		</fc>
	</displacement>
	<displacement number="6">
		<molecule>
			<xyz units="bohr">
				N      -0.006202813100     0.142825347400     0.000000000000
H      -0.848496814500    -0.674658603100    -1.558648839400
H      -0.848496814500    -0.674658603100     1.558648839400
H       1.783177686100    -0.635148192000     0.000000000000
			</xyz>
			<energy type="molecular" value="-55.4552162784"/>
		</molecule>
		<energy type="molecular" value="-55.4552162784"/>
		<energy type="mp2" value="-55.5052665035"/>
		<energy type="mp2 correlation" value=" -0.0500502251"/>
		<energy type="scf" value="-55.4552162784"/>
		<gradient type="xyz">
			   -0.006597380200
   -0.000176795300
    0.000000000000
    0.004108996700
    0.001096956200
   -0.003185080100
    0.004108996700
    0.001096956200
    0.003185080100
   -0.001620613100
   -0.002017117200
    0.000000000000
		</gradient>
		<fc type="xyz">
			    0.825329873100    0.005623143200    0.000000000000   -0.178445474500   -0.126616047200   -0.154447004000   -0.178445474500   -0.126616047200    0.154447004000   -0.468438924200    0.247608951000    0.000000000000
    0.005623143200    0.335973920200    0.000000000000   -0.072013047400   -0.114879900900   -0.129377480600   -0.072013047400   -0.114879900900    0.129377480600    0.138402951600   -0.106214118400    0.000000000000
    0.000000000000    0.000000000000    0.855888435400   -0.150916023500   -0.223267916400   -0.379105178500    0.150916023500    0.223267916400   -0.379105178500    0.000000000000    0.000000000000   -0.097678078400
   -0.178445474500   -0.072013047400   -0.150916023500    0.183054591100    0.092763767500    0.172884588300    0.014522058000    0.012335813900    0.028334880400   -0.019131174600   -0.033086534000   -0.050303445300
   -0.126616047200   -0.114879900900   -0.223267916400    0.092763767500    0.117048884000    0.167620015300    0.012335813900   -0.001490775300    0.031823418400    0.021516465700   -0.000678207700    0.023824482700
   -0.154447004000   -0.129377480600   -0.379105178500    0.172884588300    0.167620015300    0.401217649700   -0.028334880400   -0.031823418400   -0.025835015400    0.009897296200   -0.006419116200    0.003722544200
   -0.178445474500   -0.072013047400    0.150916023500    0.014522058000    0.012335813900   -0.028334880400    0.183054591100    0.092763767500   -0.172884588300   -0.019131174600   -0.033086534000    0.050303445300
   -0.126616047200   -0.114879900900    0.223267916400    0.012335813900   -0.001490775300   -0.031823418400    0.092763767500    0.117048884000   -0.167620015300    0.021516465700   -0.000678207700   -0.023824482700
    0.154447004000    0.129377480600   -0.379105178500    0.028334880400    0.031823418400   -0.025835015400   -0.172884588300   -0.167620015300    0.401217649700   -0.009897296200    0.006419116200    0.003722544200
   -0.468438924200    0.138402951600    0.000000000000   -0.019131174600    0.021516465700    0.009897296200   -0.019131174600    0.021516465700   -0.009897296200    0.506701273300   -0.181435883000    0.000000000000
    0.247608951000   -0.106214118400    0.000000000000   -0.033086534000   -0.000678207700   -0.006419116200   -0.033086534000   -0.000678207700    0.006419116200   -0.181435883000    0.107570534000    0.000000000000
    0.000000000000    0.000000000000   -0.097678078400   -0.050303445300    0.023824482700    0.003722544200    0.050303445300   -0.023824482700    0.003722544200    0.000000000000    0.000000000000    0.090232989800
		</fc>
	</displacement>
	<displacement number="7">
		<molecule>
			<xyz units="bohr">
				N      -0.146046378400     0.000000000000     0.000000000000
H       0.676406510100     0.884688736900    -1.532325841200
H       0.676406510100    -1.769377473800     0.000000000000
H       0.676406510100     0.884688736900     1.532325841200
			</xyz>
			<energy type="molecular" value="-55.4553806924"/>
		</molecule>
		<energy type="molecular" value="-55.4553806924"/>
		<energy type="mp2" value="-55.5056527792"/>
		<energy type="mp2 correlation" value=" -0.0502720868"/>
		<energy type="scf" value="-55.4553806924"/>
		<gradient type="xyz">
			   -0.002494748200
    0.000000000000
    0.000000000000
    0.000831582700
   -0.000725829200
    0.001257173100
    0.000831582700
    0.001451658400
    0.000000000000
    0.000831582700
   -0.000725829200
   -0.001257173100
		</gradient>
		<fc type="xyz">
			    0.351716685900    0.000000000000    0.000000000000   -0.117238895300   -0.073736126000    0.127714716700   -0.117238895300    0.147472252100    0.000000000000   -0.117238895300   -0.073736126000   -0.127714716700
    0.000000000000    0.833679207600    0.000000000000   -0.128701974700   -0.186953089700    0.157512664900    0.257403949300   -0.459773028200    0.000000000000   -0.128701974700   -0.186953089700   -0.157512664900
    0.000000000000    0.000000000000    0.833679207600    0.222918359100    0.157512664900   -0.368833048700    0.000000000000    0.000000000000   -0.096013110200   -0.222918359100   -0.157512664900   -0.368833048700
   -0.117238895300   -0.128701974700    0.222918359100    0.118298063500    0.095660219600   -0.165688360500   -0.000529584200    0.021924093500   -0.025495451100   -0.000529584200    0.011117661600   -0.031734547400
   -0.073736126000   -0.186953089700    0.157512664900    0.095660219600    0.190752696600   -0.177178366100   -0.033041755100   -0.018930800300    0.049364578700    0.011117661600    0.015131193400   -0.029698877400
    0.127714716700    0.157512664900   -0.368833048700   -0.165688360500   -0.177178366100    0.395340651400    0.006239096400   -0.010033176200    0.003777195400    0.031734547400    0.029698877400   -0.030284798200
   -0.117238895300    0.257403949300    0.000000000000   -0.000529584200   -0.033041755100    0.006239096400    0.118298063500   -0.191320439100    0.000000000000   -0.000529584200   -0.033041755100   -0.006239096400
    0.147472252100   -0.459773028200    0.000000000000    0.021924093500   -0.018930800300   -0.010033176200   -0.191320439100    0.497634628800    0.000000000000    0.021924093500   -0.018930800300    0.010033176200
    0.000000000000    0.000000000000   -0.096013110200   -0.025495451100    0.049364578700    0.003777195400    0.000000000000    0.000000000000    0.088458719200    0.025495451100   -0.049364578700    0.003777195400
   -0.117238895300   -0.128701974700   -0.222918359100   -0.000529584200    0.011117661600    0.031734547400   -0.000529584200    0.021924093500    0.025495451100    0.118298063500    0.095660219600    0.165688360500
   -0.073736126000   -0.186953089700   -0.157512664900    0.011117661600    0.015131193400    0.029698877400   -0.033041755100   -0.018930800300   -0.049364578700    0.095660219600    0.190752696600    0.177178366100
   -0.127714716700   -0.157512664900   -0.368833048700   -0.031734547400   -0.029698877400   -0.030284798200   -0.006239096400    0.010033176200    0.003777195400    0.165688360500    0.177178366100    0.395340651400
		</fc>
	</displacement>
	<displacement number="8">
		<molecule>
			<xyz units="bohr">
				N      -0.139776631500     0.000000000000     0.000000000000
H       0.647368490200     0.892682468200    -1.546171389900
H       0.647368490200    -1.785364936400     0.000000000000
H       0.647368490200     0.892682468200     1.546171389900
			</xyz>
			<energy type="molecular" value="-55.4553809646"/>
		</molecule>
		<energy type="molecular" value="-55.4553809646"/>
		<energy type="mp2" value="-55.5051903353"/>
		<energy type="mp2 correlation" value=" -0.0498093707"/>
		<energy type="scf" value="-55.4553809646"/>
		<gradient type="xyz">
			    0.002417526600
    0.000000000000
    0.000000000000
   -0.000805842200
    0.000713379900
   -0.001235610300
   -0.000805842200
   -0.001426759900
    0.000000000000
   -0.000805842200
    0.000713379900
    0.001235610300
		</gradient>
		<fc type="xyz">
			    0.320434269500    0.000000000000    0.000000000000   -0.106811423100   -0.071193991500    0.123311610400   -0.106811423100    0.142387983000    0.000000000000   -0.106811423100   -0.071193991500   -0.123311610400
    0.000000000000    0.847938560900    0.000000000000   -0.125066536800   -0.190088359600    0.160314859600    0.250133073600   -0.467761841700    0.000000000000   -0.125066536800   -0.190088359600   -0.160314859600
    0.000000000000    0.000000000000    0.847938560900    0.216621596000    0.160314859600   -0.375204014300    0.000000000000    0.000000000000   -0.097530532200   -0.216621596000   -0.160314859600   -0.375204014300
   -0.106811423100   -0.125066536800    0.216621596000    0.109656936200    0.092625236900   -0.160431616300   -0.001422756500    0.021431245400   -0.025086651300   -0.001422756500    0.011010054700   -0.031103328600
   -0.071193991500   -0.190088359600    0.160314859600    0.092625236900    0.192032458400   -0.179099404300   -0.032441299900   -0.017239942300    0.048139260800    0.011010054700    0.015295843500   -0.029354716200
    0.123311610400    0.160314859600   -0.375204014300   -0.160431616300   -0.179099404300    0.398838637000    0.006016677300   -0.010570171500    0.004450581600    0.031103328600    0.029354716200   -0.028085204100
   -0.106811423100    0.250133073600    0.000000000000   -0.001422756500   -0.032441299900    0.006016677300    0.109656936200   -0.185250473600    0.000000000000   -0.001422756500   -0.032441299900   -0.006016677300
    0.142387983000   -0.467761841700    0.000000000000    0.021431245400   -0.017239942300   -0.010570171500   -0.185250473600    0.502241726200    0.000000000000    0.021431245400   -0.017239942300    0.010570171500
    0.000000000000    0.000000000000   -0.097530532200   -0.025086651300    0.048139260800    0.004450581600    0.000000000000    0.000000000000    0.088629369100    0.025086651300   -0.048139260800    0.004450581600
   -0.106811423100   -0.125066536800   -0.216621596000   -0.001422756500    0.011010054700    0.031103328600   -0.001422756500    0.021431245400    0.025086651300    0.109656936200    0.092625236900    0.160431616300
   -0.071193991500   -0.190088359600   -0.160314859600    0.011010054700    0.015295843500    0.029354716200   -0.032441299900   -0.017239942300   -0.048139260800    0.092625236900    0.192032458400    0.179099404300
   -0.123311610400   -0.160314859600   -0.375204014300   -0.031103328600   -0.029354716200   -0.028085204100   -0.006016677300    0.010570171500    0.004450581600    0.160431616300    0.179099404300    0.398838637000
		</fc>
	</displacement>
	<displacement number="9">
		<molecule>
			<xyz units="bohr">
				N      -0.149095139800     0.000000000000     0.000000000000
H       0.690526696400     0.880647570100    -1.525326335000
H       0.690526696400    -1.761295140200     0.000000000000
H       0.690526696400     0.880647570100     1.525326335000
			</xyz>
			<energy type="molecular" value="-55.4552629166"/>
		</molecule>
		<energy type="molecular" value="-55.4552629166"/>
		<energy type="mp2" value="-55.5057722961"/>
		<energy type="mp2 correlation" value=" -0.0505093794"/>
		<energy type="scf" value="-55.4552629166"/>
		<gradient type="xyz">
			   -0.005059447700
    0.000000000000
    0.000000000000
    0.001686482600
   -0.001465025900
    0.002537499200
    0.001686482600
    0.002930051700
    0.000000000000
    0.001686482600
   -0.001465025900
   -0.002537499200
		</gradient>
		<fc type="xyz">
			    0.366966169000    0.000000000000    0.000000000000   -0.122322056300   -0.074923480000    0.129771274100   -0.122322056300    0.149846960100    0.000000000000   -0.122322056300   -0.074923480000   -0.129771274100
    0.000000000000    0.826526254600    0.000000000000   -0.130379444100   -0.185377228400    0.156112377500    0.260758888200   -0.455771797800    0.000000000000   -0.130379444100   -0.185377228400   -0.156112377500
    0.000000000000    0.000000000000    0.826526254600    0.225823821500    0.156112377500   -0.365640274700    0.000000000000    0.000000000000   -0.095245705200   -0.225823821500   -0.156112377500   -0.365640274700
   -0.122322056300   -0.130379444100    0.225823821500    0.122535369600    0.097078530600   -0.168144947300   -0.000106656700    0.022155050600   -0.025661358400   -0.000106656700    0.011145862900   -0.032017515800
   -0.074923480000   -0.185377228400    0.156112377500    0.097078530600    0.190112738200   -0.176232673800   -0.033300913500   -0.019792442600    0.049991524300    0.011145862900    0.015056932800   -0.029871228000
    0.129771274100    0.156112377500   -0.365640274700   -0.168144947300   -0.176232673800    0.393608701500    0.006356157500   -0.009750931700    0.003440474400    0.032017515800    0.029871228000   -0.031408901200
   -0.122322056300    0.260758888200    0.000000000000   -0.000106656700   -0.033300913500    0.006356157500    0.122535369600   -0.194157061200    0.000000000000   -0.000106656700   -0.033300913500   -0.006356157500
    0.149846960100   -0.455771797800    0.000000000000    0.022155050600   -0.019792442600   -0.009750931700   -0.194157061200    0.495356683100    0.000000000000    0.022155050600   -0.019792442600    0.009750931700
    0.000000000000    0.000000000000   -0.095245705200   -0.025661358400    0.049991524300    0.003440474400    0.000000000000    0.000000000000    0.088364756500    0.025661358400   -0.049991524300    0.003440474400
   -0.122322056300   -0.130379444100   -0.225823821500   -0.000106656700    0.011145862900    0.032017515800   -0.000106656700    0.022155050600    0.025661358400    0.122535369600    0.097078530600    0.168144947300
   -0.074923480000   -0.185377228400   -0.156112377500    0.011145862900    0.015056932800    0.029871228000   -0.033300913500   -0.019792442600   -0.049991524300    0.097078530600    0.190112738200    0.176232673800
   -0.129771274100   -0.156112377500   -0.365640274700   -0.032017515800   -0.029871228000   -0.031408901200   -0.006356157500    0.009750931700    0.003440474400    0.168144947300    0.176232673800    0.393608701500
		</fc>
	</displacement>
	<displacement number="10">
		<molecule>
			<xyz units="bohr">
				N      -0.136548613200     0.000000000000     0.000000000000
H       0.632418084900     0.896634766200    -1.553016970900
H       0.632418084900    -1.793269532400     0.000000000000
H       0.632418084900     0.896634766200     1.553016970900
			</xyz>
			<energy type="molecular" value="-55.4552651118"/>
		</molecule>
		<energy type="molecular" value="-55.4552651118"/>
		<energy type="mp2" value="-55.5048487546"/>
		<energy type="mp2 correlation" value=" -0.0495836428"/>
		<energy type="scf" value="-55.4552651118"/>
		<gradient type="xyz">
			    0.004752178300
    0.000000000000
    0.000000000000
   -0.001584059400
    0.001414342300
   -0.002449712700
   -0.001584059400
   -0.002828684500
    0.000000000000
   -0.001584059400
    0.001414342300
    0.002449712700
		</gradient>
		<fc type="xyz">
			    0.304413650900    0.000000000000    0.000000000000   -0.101471216900   -0.069834772900    0.120957374800   -0.101471216900    0.139669545900    0.000000000000   -0.101471216900   -0.069834772900   -0.120957374800
    0.000000000000    0.855042461000    0.000000000000   -0.123099427100   -0.191647890200    0.161715112200    0.246198854300   -0.471746680800    0.000000000000   -0.123099427100   -0.191647890200   -0.161715112200
    0.000000000000    0.000000000000    0.855042461000    0.213214462200    0.161715112200   -0.378380417200    0.000000000000    0.000000000000   -0.098281626600   -0.213214462200   -0.161715112200   -0.378380417200
   -0.101471216900   -0.123099427100    0.213214462200    0.105256542300    0.091002144100   -0.157620337300   -0.001892662700    0.021167371300   -0.024841762500   -0.001892662700    0.010929911700   -0.030752362500
   -0.069834772900   -0.191647890200    0.161715112200    0.091002144100    0.192672718900   -0.180072530100   -0.032097283000   -0.016410404700    0.047541036000    0.010929911700    0.015385576000   -0.029183618000
    0.120957374800    0.161715112200   -0.378380417200   -0.157620337300   -0.180072530100    0.400602566400    0.005910600000   -0.010826200000    0.004786915800    0.030752362500    0.029183618000   -0.027009065000
   -0.101471216900    0.246198854300    0.000000000000   -0.001892662700   -0.032097283000    0.005910600000    0.105256542300   -0.182004288400    0.000000000000   -0.001892662700   -0.032097283000   -0.005910600000
    0.139669545900   -0.471746680800    0.000000000000    0.021167371300   -0.016410404700   -0.010826200000   -0.182004288400    0.504567490100    0.000000000000    0.021167371300   -0.016410404700    0.010826200000
    0.000000000000    0.000000000000   -0.098281626600   -0.024841762500    0.047541036000    0.004786915800    0.000000000000    0.000000000000    0.088707795100    0.024841762500   -0.047541036000    0.004786915800
   -0.101471216900   -0.123099427100   -0.213214462200   -0.001892662700    0.010929911700    0.030752362500   -0.001892662700    0.021167371300    0.024841762500    0.105256542300    0.091002144100    0.157620337300
   -0.069834772900   -0.191647890200   -0.161715112200    0.010929911700    0.015385576000    0.029183618000   -0.032097283000   -0.016410404700   -0.047541036000    0.091002144100    0.192672718900    0.180072530100
   -0.120957374800   -0.161715112200   -0.378380417200   -0.030752362500   -0.029183618000   -0.027009065000   -0.005910600000    0.010826200000    0.004786915800    0.157620337300    0.180072530100    0.400602566400
		</fc>
	</displacement>
	<displacement number="11">
		<molecule>
			<xyz units="bohr">
				N      -0.001873518400     0.001882269800    -0.142922092100
H      -1.249537614100    -1.264145373400     0.661834833800
H      -0.458016403800     1.699995805600     0.671634882800
H       1.733585339300    -0.462003347800     0.652339885600
			</xyz>
			<energy type="molecular" value="-55.4553140208"/>
		</molecule>
		<energy type="molecular" value="-55.4553140208"/>
		<energy type="mp2" value="-55.5053548537"/>
		<energy type="mp2 correlation" value=" -0.0500408329"/>
		<energy type="scf" value="-55.4553140208"/>
		<gradient type="xyz">
			   -0.008555393000
    0.008702304800
    0.000231811800
   -0.000162586300
    0.000159252900
    0.000006080100
    0.001793398800
   -0.007125648300
   -0.003311403500
    0.006924580600
   -0.001735909400
    0.003073511500
		</gradient>
		<fc type="xyz">
			    0.822678822000   -0.000126060400   -0.014597737400   -0.277043772300   -0.183496711400    0.178509333000   -0.119355655900    0.096050220000    0.069460141200   -0.426279393900    0.087572551800   -0.233371736900
   -0.000126060400    0.859023620000    0.015105494800   -0.183499182700   -0.283540266300    0.180438624400    0.096057575500   -0.452280899400   -0.257664028400    0.087567667600   -0.123202454400    0.062119909100
   -0.014597737400    0.015105494800    0.336535312800    0.102334036900    0.102632341900   -0.112025261000    0.041200832500   -0.151760197200   -0.116206476100   -0.128937132100    0.034022360500   -0.108303575600
   -0.277043772300   -0.183499182700    0.102334036900    0.290736550600    0.205692772000   -0.132513855400    0.012169785900    0.018445534200   -0.002556591400   -0.025862564300   -0.040639123400    0.032736409900
   -0.183496711400   -0.283540266300    0.102632341900    0.205692772000    0.297780525700   -0.133781345600   -0.040604426600   -0.026545804300    0.033707975900    0.018408365900    0.012305544800   -0.002558972100
    0.178509333000    0.180438624400   -0.112025261000   -0.132513855400   -0.133781345600    0.113961702200   -0.019165593900   -0.028164083300   -0.000818696900   -0.026829883800   -0.018493195500   -0.001117744100
   -0.119355655900    0.096057575500    0.041200832500    0.012169785900   -0.040604426600   -0.019165593900    0.114379325800   -0.107163793800   -0.052419170200   -0.007193455900    0.051710644700    0.030383931600
    0.096050220000   -0.452280899400   -0.151760197200    0.018445534200   -0.026545804300   -0.028164083300   -0.107163793800    0.485598512500    0.194226974300   -0.007331960400   -0.006771808800   -0.014302693800
    0.069460141200   -0.257664028400   -0.116206476100   -0.002556591400    0.033707975900   -0.000818696900   -0.052419170200    0.194226974300    0.117993674500   -0.014484379600    0.029729078200   -0.000968501300
   -0.426279393900    0.087567667600   -0.128937132100   -0.025862564300    0.018408365900   -0.026829883800   -0.007193455900   -0.007331960400   -0.014484379600    0.459335414100   -0.098644073100    0.170251395500
    0.087572551800   -0.123202454400    0.034022360500   -0.040639123400    0.012305544800   -0.018493195500    0.051710644700   -0.006771808800    0.029729078200   -0.098644073100    0.117668718300   -0.045258243200
   -0.233371736900    0.062119909100   -0.108303575600    0.032736409900   -0.002558972100   -0.001117744100    0.030383931600   -0.014302693800   -0.000968501300    0.170251395500   -0.045258243200    0.110389821000
		</fc>
	</displacement>
	<displacement number="12">
		<molecule>
			<xyz units="bohr">
				N      -0.003737742000     0.003772700400    -0.142864430200
H      -1.242325806100    -1.271532797400     0.661262981100
H      -0.455979582400     1.683061817700     0.681159259600
H       1.750238885200    -0.463948241500     0.642586186900
			</xyz>
			<energy type="molecular" value="-55.4549966361"/>
		</molecule>
		<energy type="molecular" value="-55.4549966361"/>
		<energy type="mp2" value="-55.5050435636"/>
		<energy type="mp2 correlation" value=" -0.0500469275"/>
		<energy type="scf" value="-55.4549966361"/>
		<gradient type="xyz">
			   -0.016969965700
    0.017557565400
    0.000928733000
   -0.000327607000
    0.000315521700
    0.000023988500
    0.003646350500
   -0.014457268100
   -0.006873464700
    0.013651222100
   -0.003415819000
    0.005920743100
		</gradient>
		<fc type="xyz">
			    0.804607411700   -0.000504459800   -0.028724249700   -0.273856263200   -0.183495622400    0.177440274900   -0.117186350500    0.100475700000    0.073394036400   -0.413564798100    0.083524382200   -0.222110061600
   -0.000504459800    0.877298965400    0.030755520800   -0.183501015400   -0.286845611000    0.181294034500    0.100502860800   -0.465559135400   -0.270745768100    0.083502614400   -0.124894218900    0.058696212800
