<?xml version="1.0" ?>
<project>
	<displacement number="1">
		<molecule>
			<xyz units="bohr">
				O       0.000000000000     0.000000000000    -0.136061350900
H       0.000000000000     1.420478612600     1.079696185300
H       0.000000000000    -1.420478612600     1.079696185300
			</xyz>
			<energy type="molecular" value="-74.9658414393"/>
		</molecule>
		<energy type="molecular" value="-74.9658414393"/>
		<energy type="mp2" value="-75.0049971280"/>
		<energy type="mp2 correlation" value=" -0.0391556887"/>
		<energy type="scf" value="-74.9658414393"/>
		<gradient type="xyz">
			    0.000000000000
    0.000000000000
   -0.003875432800
    0.000000000000
   -0.002663261100
    0.001937716400
    0.000000000000
    0.002663261100
    0.001937716400
		</gradient>
		<fc type="xyz">
			    0.003187669200    0.000000000000    0.000000000000   -0.001593834600    0.000000000000    0.000000000000   -0.001593834600    0.000000000000    0.000000000000
    0.000000000000    0.793109513500    0.000000000000    0.000000000000   -0.396554756700   -0.338038681700    0.000000000000   -0.396554756700    0.338038681700
    0.000000000000    0.000000000000    0.642719105200    0.000000000000   -0.217052467200   -0.321359552600    0.000000000000    0.217052467200   -0.321359552600
   -0.001593834600    0.000000000000    0.000000000000   -0.000140534800    0.000000000000    0.000000000000    0.001734369300    0.000000000000    0.000000000000
    0.000000000000   -0.396554756700   -0.217052467200    0.000000000000    0.436469163900    0.277545574400    0.000000000000   -0.039914407200   -0.060493107200
    0.000000000000   -0.338038681700   -0.321359552600    0.000000000000    0.277545574400    0.304402395600    0.000000000000    0.060493107200    0.016957157000
   -0.001593834600    0.000000000000    0.000000000000    0.001734369300    0.000000000000    0.000000000000   -0.000140534800    0.000000000000    0.000000000000
    0.000000000000   -0.396554756700    0.217052467200    0.000000000000   -0.039914407200    0.060493107200    0.000000000000    0.436469163900   -0.277545574400
    0.000000000000    0.338038681700   -0.321359552600    0.000000000000   -0.060493107200    0.016957157000    0.000000000000   -0.277545574400    0.304402395600
		</fc>
	</displacement>
	<displacement number="2">
		<molecule>
			<xyz units="bohr">
				O       0.000000000000     0.000000000000    -0.132854897800
H       0.000000000000     1.444508056100     1.054251816600
H       0.000000000000    -1.444508056100     1.054251816600
			</xyz>
			<energy type="molecular" value="-74.9658421417"/>
		</molecule>
		<energy type="molecular" value="-74.9658421417"/>
		<energy type="mp2" value="-75.0046002608"/>
		<energy type="mp2 correlation" value=" -0.0387581190"/>
		<energy type="scf" value="-74.9658421417"/>
		<gradient type="xyz">
			    0.000000000000
    0.000000000000
    0.003917082900
    0.000000000000
    0.002574189700
   -0.001958541500
    0.000000000000
   -0.002574189700
   -0.001958541500
		</gradient>
		<fc type="xyz">
			   -0.003299689000    0.000000000000    0.000000000000    0.001649844500    0.000000000000    0.000000000000    0.001649844500    0.000000000000    0.000000000000
    0.000000000000    0.814710032700    0.000000000000    0.000000000000   -0.407355016300   -0.336123024400    0.000000000000   -0.407355016300    0.336123024400
    0.000000000000    0.000000000000    0.626765842300    0.000000000000   -0.215557780900   -0.313382921200    0.000000000000    0.215557780900   -0.313382921200
    0.001649844500    0.000000000000    0.000000000000    0.000066104200    0.000000000000    0.000000000000   -0.001715948700    0.000000000000    0.000000000000
    0.000000000000   -0.407355016300   -0.215557780900    0.000000000000    0.441388149300    0.275840402600    0.000000000000   -0.034033133000   -0.060282621700
    0.000000000000   -0.336123024400   -0.313382921200    0.000000000000    0.275840402600    0.295696600400    0.000000000000    0.060282621700    0.017686320700
    0.001649844500    0.000000000000    0.000000000000   -0.001715948700    0.000000000000    0.000000000000    0.000066104200    0.000000000000    0.000000000000
    0.000000000000   -0.407355016300    0.215557780900    0.000000000000   -0.034033133000    0.060282621700    0.000000000000    0.441388149300   -0.275840402600
    0.000000000000    0.336123024400   -0.313382921200    0.000000000000   -0.060282621700    0.017686320700    0.000000000000   -0.275840402600    0.295696600400
		</fc>
	</displacement>
	<displacement number="3">
		<molecule>
			<xyz units="bohr">
				O       0.000000000000     0.000000000000    -0.137644248200
H       0.000000000000     1.408250216500     1.092257049900
H       0.000000000000    -1.408250216500     1.092257049900
			</xyz>
			<energy type="molecular" value="-74.9656608517"/>
		</molecule>
		<energy type="molecular" value="-74.9656608517"/>
		<energy type="mp2" value="-75.0050245789"/>
		<energy type="mp2 correlation" value=" -0.0393637272"/>
		<energy type="scf" value="-74.9656608517"/>
		<gradient type="xyz">
			    0.000000000000
    0.000000000000
   -0.007701826000
    0.000000000000
   -0.005417390900
    0.003850913000
    0.000000000000
    0.005417390900
    0.003850913000
		</gradient>
		<fc type="xyz">
			    0.006262149700    0.000000000000    0.000000000000   -0.003131074800    0.000000000000    0.000000000000   -0.003131074800    0.000000000000    0.000000000000
    0.000000000000    0.782189627500    0.000000000000    0.000000000000   -0.391094813700   -0.338829776400    0.000000000000   -0.391094813700    0.338829776400
    0.000000000000    0.000000000000    0.650221215700    0.000000000000   -0.217788644600   -0.325110607900    0.000000000000    0.217788644600   -0.325110607900
   -0.003131074800    0.000000000000    0.000000000000   -0.000357910100    0.000000000000    0.000000000000    0.003488984900    0.000000000000    0.000000000000
    0.000000000000   -0.391094813700   -0.217788644600    0.000000000000    0.434063788700    0.278309210500    0.000000000000   -0.042968975000   -0.060520565900
    0.000000000000   -0.338829776400   -0.325110607900    0.000000000000    0.278309210500    0.308591067400    0.000000000000    0.060520565900    0.016519540500
   -0.003131074800    0.000000000000    0.000000000000    0.003488984900    0.000000000000    0.000000000000   -0.000357910100    0.000000000000    0.000000000000
    0.000000000000   -0.391094813700    0.217788644600    0.000000000000   -0.042968975000    0.060520565900    0.000000000000    0.434063788700   -0.278309210500
    0.000000000000    0.338829776400   -0.325110607900    0.000000000000   -0.060520565900    0.016519540500    0.000000000000   -0.278309210500    0.308591067400
		</fc>
	</displacement>
	<displacement number="4">
		<molecule>
			<xyz units="bohr">
				O       0.000000000000     0.000000000000    -0.131231662700
H       0.000000000000     1.456306700600     1.041370857100
H       0.000000000000    -1.456306700600     1.041370857100
			</xyz>
			<energy type="molecular" value="-74.9656664734"/>
		</molecule>
		<energy type="molecular" value="-74.9656664734"/>
		<energy type="mp2" value="-75.0042348989"/>
		<energy type="mp2 correlation" value=" -0.0385684255"/>
		<energy type="scf" value="-74.9656664734"/>
		<gradient type="xyz">
			    0.000000000000
    0.000000000000
    0.007869368400
    0.000000000000
    0.005060639100
   -0.003934684200
    0.000000000000
   -0.005060639100
   -0.003934684200
		</gradient>
		<fc type="xyz">
			   -0.006711028100    0.000000000000    0.000000000000    0.003355514100    0.000000000000    0.000000000000    0.003355514100    0.000000000000    0.000000000000
    0.000000000000    0.825385516500    0.000000000000    0.000000000000   -0.412692758300   -0.334997601900    0.000000000000   -0.412692758300    0.334997601900
    0.000000000000    0.000000000000    0.618320463900    0.000000000000   -0.214781774700   -0.309160231900    0.000000000000    0.214781774700   -0.309160231900
    0.003355514100    0.000000000000    0.000000000000    0.000059733900    0.000000000000    0.000000000000   -0.003415247900    0.000000000000    0.000000000000
    0.000000000000   -0.412692758300   -0.214781774700    0.000000000000    0.443896775800    0.274889688400    0.000000000000   -0.031204017600   -0.060107913600
    0.000000000000   -0.334997601900   -0.309160231900    0.000000000000    0.274889688400    0.291185843000    0.000000000000    0.060107913600    0.017974388900
    0.003355514100    0.000000000000    0.000000000000   -0.003415247900    0.000000000000    0.000000000000    0.000059733900    0.000000000000    0.000000000000
    0.000000000000   -0.412692758300    0.214781774700    0.000000000000   -0.031204017600    0.060107913600    0.000000000000    0.443896775800   -0.274889688400
    0.000000000000    0.334997601900   -0.309160231900    0.000000000000   -0.060107913600    0.017974388900    0.000000000000   -0.274889688400    0.291185843000
		</fc>
	</displacement>
	<displacement number="5">
		<molecule>
			<xyz units="bohr">
				O      -0.003675135100    -0.133737292700     0.000000000000
H       1.454292139100     1.036799892900     0.000000000000
H      -1.395965078300     1.085707988500     0.000000000000
			</xyz>
			<energy type="molecular" value="-74.9657821878"/>
		</molecule>
		<energy type="molecular" value="-74.9657821878"/>
		<energy type="mp2" value="-75.0042959512"/>
		<energy type="mp2 correlation" value=" -0.0385137634"/>
		<energy type="scf" value="-74.9657821878"/>
		<gradient type="xyz">
			   -0.010031545200
    0.007416212100
    0.000000000000
    0.000214318900
    0.000665524100
    0.000000000000
    0.009817226300
   -0.008081736300
    0.000000000000
		</gradient>
		<fc type="xyz">
			    0.822841228100   -0.025424688300    0.000000000000   -0.413691994600   -0.335125768300    0.000000000000   -0.409149233500    0.360550456600    0.000000000000
   -0.025424688300    0.646800742900    0.000000000000   -0.212527759900   -0.304943487700    0.000000000000    0.237952448200   -0.341857255300    0.000000000000
    0.000000000000    0.000000000000   -0.006059179600    0.000000000000    0.000000000000   -0.000559744300    0.000000000000    0.000000000000    0.006618924000
   -0.413691994600   -0.212527759900    0.000000000000    0.451349664900    0.272829704800    0.000000000000   -0.037657670300   -0.060301944900    0.000000000000
   -0.335125768300   -0.304943487700    0.000000000000    0.272829704800    0.287731234700    0.000000000000    0.062296063500    0.017212253000    0.000000000000
    0.000000000000    0.000000000000   -0.000559744300    0.000000000000    0.000000000000    0.000348616500    0.000000000000    0.000000000000    0.000211127700
   -0.409149233500    0.237952448200    0.000000000000   -0.037657670300    0.062296063500    0.000000000000    0.446806903800   -0.300248511700    0.000000000000
    0.360550456600   -0.341857255300    0.000000000000   -0.060301944900    0.017212253000    0.000000000000   -0.300248511700    0.324645002300    0.000000000000
    0.000000000000    0.000000000000    0.006618924000    0.000000000000    0.000000000000    0.000211127700    0.000000000000    0.000000000000   -0.006830051700
		</fc>
	</displacement>
	<displacement number="6">
		<molecule>
			<xyz units="bohr">
				O       0.003675179000    -0.135096816300     0.000000000000
H       1.410445694200     1.096496701400     0.000000000000
H      -1.468773451300     1.047587805700     0.000000000000
			</xyz>
			<energy type="molecular" value="-74.9657865113"/>
		</molecule>
		<energy type="molecular" value="-74.9657865113"/>
		<energy type="mp2" value="-75.0051873339"/>
		<energy type="mp2 correlation" value=" -0.0394008226"/>
		<energy type="scf" value="-74.9657865113"/>
		<gradient type="xyz">
			    0.009791248500
   -0.006575647800
    0.000000000000
   -0.000183664600
   -0.000662204600
    0.000000000000
   -0.009607583900
    0.007237852400
    0.000000000000
		</gradient>
		<fc type="xyz">
			    0.784043387700    0.023841738700    0.000000000000   -0.390227289000   -0.338595876900    0.000000000000   -0.393816098800    0.314754138200    0.000000000000
    0.023841738700    0.625408781900    0.000000000000   -0.219529523900   -0.329959341600    0.000000000000    0.195687785200   -0.295449440300    0.000000000000
    0.000000000000    0.000000000000    0.005582500300    0.000000000000    0.000000000000    0.000545741400    0.000000000000    0.000000000000   -0.006128241700
   -0.390227289000   -0.219529523900    0.000000000000    0.426416897400    0.280034101500    0.000000000000   -0.036189608500   -0.060504577600    0.000000000000
   -0.338595876900   -0.329959341600    0.000000000000    0.280034101500    0.312519736200    0.000000000000    0.058561775400    0.017439605400    0.000000000000
    0.000000000000    0.000000000000    0.000545741400    0.000000000000    0.000000000000   -0.000342886200    0.000000000000    0.000000000000   -0.000202855200
   -0.393816098800    0.195687785200    0.000000000000   -0.036189608500    0.058561775400    0.000000000000    0.430005707200   -0.254249560600    0.000000000000
    0.314754138200   -0.295449440300    0.000000000000   -0.060504577600    0.017439605400    0.000000000000   -0.254249560600    0.278009834900    0.000000000000
    0.000000000000    0.000000000000   -0.006128241700    0.000000000000    0.000000000000   -0.000202855200    0.000000000000    0.000000000000    0.006331096800
		</fc>
	</displacement>
	<displacement number="7">
		<molecule>
			<xyz units="bohr">
				O      -0.007336985300    -0.132913317500     0.000000000000
H       1.475520168700     1.005928434500     0.000000000000
H      -1.359076888100     1.103502362000     0.000000000000
			</xyz>
			<energy type="molecular" value="-74.9654162427"/>
		</molecule>
		<energy type="molecular" value="-74.9654162427"/>
		<energy type="mp2" value="-75.0034967471"/>
		<energy type="mp2 correlation" value=" -0.0380805044"/>
		<energy type="scf" value="-74.9654162427"/>
		<gradient type="xyz">
			   -0.020286377500
    0.015727135500
    0.000000000000
    0.000459927800
    0.001332997600
    0.000000000000
    0.019826449800
   -0.017060133100
    0.000000000000
		</gradient>
		<fc type="xyz">
			    0.840574027500   -0.052406599100    0.000000000000   -0.425306705600   -0.332564766300    0.000000000000   -0.415267321900    0.384971365300    0.000000000000
   -0.052406599100    0.661351227200    0.000000000000   -0.208179074100   -0.292511430800    0.000000000000    0.260585673200   -0.368839796300    0.000000000000
    0.000000000000    0.000000000000   -0.012630488400    0.000000000000    0.000000000000   -0.001133582900    0.000000000000    0.000000000000    0.013764071400
   -0.425306705600   -0.208179074100    0.000000000000    0.463659588300    0.268357632000    0.000000000000   -0.038352882700   -0.060178557900    0.000000000000
   -0.332564766300   -0.292511430800    0.000000000000    0.268357632000    0.275475798700    0.000000000000    0.064207134200    0.017035632100    0.000000000000
    0.000000000000    0.000000000000   -0.001133582900    0.000000000000    0.000000000000    0.000702829400    0.000000000000    0.000000000000    0.000430753600
   -0.415267321900    0.260585673200    0.000000000000   -0.038352882700    0.064207134200    0.000000000000    0.453620204600   -0.324792807400    0.000000000000
    0.384971365300   -0.368839796300    0.000000000000   -0.060178557900    0.017035632100    0.000000000000   -0.324792807400    0.351804164400    0.000000000000
    0.000000000000    0.000000000000    0.013764071400    0.000000000000    0.000000000000    0.000430753600    0.000000000000    0.000000000000   -0.014194824900
		</fc>
	</displacement>
	<displacement number="8">
		<molecule>
			<xyz units="bohr">
				O       0.007337682400    -0.135635220300     0.000000000000
H       1.388044890800     1.125108004900     0.000000000000
H      -1.504499234400     1.027521365200     0.000000000000
			</xyz>
			<energy type="molecular" value="-74.9654508732"/>
		</molecule>
		<energy type="molecular" value="-74.9654508732"/>
		<energy type="mp2" value="-75.0053056547"/>
		<energy type="mp2 correlation" value=" -0.0398547814"/>
		<energy type="scf" value="-74.9654508732"/>
		<gradient type="xyz">
			    0.019325458100
   -0.012364384700
    0.000000000000
   -0.000338043600
   -0.001320145200
    0.000000000000
   -0.018987414500
    0.013684529900
    0.000000000000
		</gradient>
		<fc type="xyz">
			    0.763269032800    0.046087279000    0.000000000000   -0.378516738000   -0.339511379200    0.000000000000   -0.384752294700    0.293424100200    0.000000000000
    0.046087279000    0.618090906100    0.000000000000   -0.222188201800   -0.342403247500    0.000000000000    0.176100922800   -0.275687658500    0.000000000000
    0.000000000000    0.000000000000    0.010720453300    0.000000000000    0.000000000000    0.001077905900    0.000000000000    0.000000000000   -0.011798359300
   -0.378516738000   -0.222188201800    0.000000000000    0.413936499900    0.282761938400    0.000000000000   -0.035419761800   -0.060573736600    0.000000000000
   -0.339511379200   -0.342403247500    0.000000000000    0.282761938400    0.324910688500    0.000000000000    0.056749440700    0.017492559000    0.000000000000
    0.000000000000    0.000000000000    0.001077905900    0.000000000000    0.000000000000   -0.000680255900    0.000000000000    0.000000000000   -0.000397650000
   -0.384752294700    0.176100922800    0.000000000000   -0.035419761800    0.056749440700    0.000000000000    0.420172056500   -0.232850363600    0.000000000000
    0.293424100200   -0.275687658500    0.000000000000   -0.060573736600    0.017492559000    0.000000000000   -0.232850363600    0.258195099500    0.000000000000
    0.000000000000    0.000000000000   -0.011798359300    0.000000000000    0.000000000000   -0.000397650000    0.000000000000    0.000000000000    0.012196009300
		</fc>
	</displacement>
	<displacement number="9">
		<molecule>
			<xyz units="bohr">
				O       0.000000000000     0.000000000000    -0.134464847500
H       0.000000000000     1.432564962000     1.067027351900
H       0.000000000000    -1.432564962000     1.067027351900
			</xyz>
			<energy type="molecular" value="-74.9659011674"/>
		</molecule>
		<energy type="molecular" value="-74.9659011674"/>
		<energy type="mp2" value="-75.0048550102"/>
		<energy type="mp2 correlation" value=" -0.0389538428"/>
		<energy type="scf" value="-74.9659011674"/>
		<gradient type="xyz">
			    0.000000000000
    0.000000000000
   -0.000000133400
    0.000000000000
    0.000000085500
    0.000000066700
    0.000000000000
   -0.000000085500
    0.000000066700
		</gradient>
		<fc type="xyz">
			    0.000000111000    0.000000000000    0.000000000000   -0.000000055500    0.000000000000    0.000000000000   -0.000000055500    0.000000000000    0.000000000000
    0.000000000000    0.803950494200    0.000000000000    0.000000000000   -0.401975247100   -0.337136583500    0.000000000000   -0.401975247100    0.337136583500
    0.000000000000    0.000000000000    0.634899636200    0.000000000000   -0.216311824500   -0.317449818100    0.000000000000    0.216311824500   -0.317449818100
   -0.000000055500    0.000000000000    0.000000000000    0.000000057600    0.000000000000    0.000000000000   -0.000000002100    0.000000000000    0.000000000000
    0.000000000000   -0.401975247100   -0.216311824500    0.000000000000    0.438911433100    0.276724204000    0.000000000000   -0.036936186100   -0.060412379500
    0.000000000000   -0.337136583500   -0.317449818100    0.000000000000    0.276724204000    0.300103161200    0.000000000000    0.060412379500    0.017346656900
   -0.000000055500    0.000000000000    0.000000000000   -0.000000002100    0.000000000000    0.000000000000    0.000000057600    0.000000000000    0.000000000000
    0.000000000000   -0.401975247100    0.216311824500    0.000000000000   -0.036936186100    0.060412379500    0.000000000000    0.438911433100   -0.276724204000
    0.000000000000    0.337136583500   -0.317449818100    0.000000000000   -0.060412379500    0.017346656900    0.000000000000   -0.276724204000    0.300103161200
		</fc>
	</displacement>
	<displacement number="10">
		<molecule>
			<xyz units="bohr">
				O      -0.003980102600    -0.135317625100     0.000000000000
H       1.444638698600     1.046769277100     0.000000000000
H      -1.381471582400     1.100819625700     0.000000000000
			</xyz>
			<energy type="molecular" value="-74.9657078966"/>
		</molecule>
		<energy type="molecular" value="-74.9657078966"/>
		<energy type="mp2" value="-75.0044218779"/>
		<energy type="mp2 correlation" value=" -0.0387139814"/>
		<energy type="scf" value="-74.9657078966"/>
		<gradient type="xyz">
			   -0.010036003500
    0.003641781100
    0.000000000000
   -0.002430060300
    0.002661147000
    0.000000000000
    0.012466063800
   -0.006302928100
    0.000000000000
		</gradient>
		<fc type="xyz">
			    0.811488019300   -0.025426681200    0.000000000000   -0.409447185100   -0.336008314100    0.000000000000   -0.402040834100    0.361434995300    0.000000000000
   -0.025426681200    0.655157708000    0.000000000000   -0.213239274700   -0.307685673600    0.000000000000    0.238665955900   -0.347472034400    0.000000000000
    0.000000000000    0.000000000000   -0.002851597700    0.000000000000    0.000000000000   -0.002161259200    0.000000000000    0.000000000000    0.005012856900
   -0.409447185100   -0.213239274700    0.000000000000    0.450117106400    0.273477674200    0.000000000000   -0.040669921300   -0.060238399500    0.000000000000
   -0.336008314100   -0.307685673600    0.000000000000    0.273477674200    0.290850350700    0.000000000000    0.062530639900    0.016835322900    0.000000000000
    0.000000000000    0.000000000000   -0.002161259200    0.000000000000    0.000000000000    0.000193572500    0.000000000000    0.000000000000    0.001967686600
   -0.402040834100    0.238665955900    0.000000000000   -0.040669921300    0.062530639900    0.000000000000    0.442710755400   -0.301196595700    0.000000000000
    0.361434995300   -0.347472034400    0.000000000000   -0.060238399500    0.016835322900    0.000000000000   -0.301196595700    0.330636711500    0.000000000000
    0.000000000000    0.000000000000    0.005012856900    0.000000000000    0.000000000000    0.001967686600    0.000000000000    0.000000000000   -0.006980543500
		</fc>
	</displacement>
	<displacement number="11">
		<molecule>
			<xyz units="bohr">
				O      -0.003418215000    -0.132141834100     0.000000000000
H       1.464172693000     1.026306611900     0.000000000000
H      -1.409923140500     1.070880183300     0.000000000000
			</xyz>
			<energy type="molecular" value="-74.9657373895"/>
		</molecule>
		<energy type="molecular" value="-74.9657373895"/>
		<energy type="mp2" value="-75.0040570000"/>
		<energy type="mp2 correlation" value=" -0.0383196105"/>
		<energy type="scf" value="-74.9657373895"/>
		<gradient type="xyz">
			   -0.010036921700
    0.011233861700
    0.000000000000
    0.002775855500
   -0.001339405500
    0.000000000000
    0.007261066200
   -0.009894456200
    0.000000000000
		</gradient>
		<fc type="xyz">
			    0.834097419800   -0.025400518000    0.000000000000   -0.418074356700   -0.334126089500    0.000000000000   -0.416023063100    0.359526607600    0.000000000000
   -0.025400518000    0.638141110100    0.000000000000   -0.211797175800   -0.301864535200    0.000000000000    0.237197693800   -0.336276574900    0.000000000000
    0.000000000000    0.000000000000   -0.009378699700    0.000000000000    0.000000000000    0.001097479400    0.000000000000    0.000000000000    0.008281220400
   -0.418074356700   -0.211797175800    0.000000000000    0.452795418900    0.272086655200    0.000000000000   -0.034721062100   -0.060289479500    0.000000000000
   -0.334126089500   -0.301864535200    0.000000000000    0.272086655200    0.284326977700    0.000000000000    0.062039434300    0.017537557500    0.000000000000
    0.000000000000    0.000000000000    0.001097479400    0.000000000000    0.000000000000    0.000428742500    0.000000000000    0.000000000000   -0.001526221800
   -0.416023063100    0.237197693800    0.000000000000   -0.034721062100    0.062039434300    0.000000000000    0.450744125100   -0.299237128100    0.000000000000
    0.359526607600   -0.336276574900    0.000000000000   -0.060289479500    0.017537557500    0.000000000000   -0.299237128100    0.318739017400    0.000000000000
    0.000000000000    0.000000000000    0.008281220400    0.000000000000    0.000000000000   -0.001526221800    0.000000000000    0.000000000000   -0.006754998700
		</fc>
	</displacement>
	<displacement number="12">
		<molecule>
			<xyz units="bohr">
				O       0.003980160200    -0.136693365600     0.000000000000
H       1.395830413500     1.111737148100     0.000000000000
H      -1.458998444700     1.057685755700     0.000000000000
			</xyz>
			<energy type="molecular" value="-74.9657410752"/>
		</molecule>
		<energy type="molecular" value="-74.9657410752"/>
		<energy type="mp2" value="-75.0053453544"/>
		<energy type="mp2 correlation" value=" -0.0396042792"/>
		<energy type="scf" value="-74.9657410752"/>
		<gradient type="xyz">
			    0.009831210800
   -0.010506738100
    0.000000000000
   -0.002861486900
    0.001216983300
    0.000000000000
   -0.006969723800
    0.009289754800
    0.000000000000
		</gradient>
		<fc type="xyz">
			    0.773499652300    0.023844185200    0.000000000000   -0.383629363200   -0.339412406000    0.000000000000   -0.389870289100    0.315568220800    0.000000000000
    0.023844185200    0.632905761400    0.000000000000   -0.220193089500   -0.335038336200    0.000000000000    0.196348904300   -0.297867425300    0.000000000000
    0.000000000000    0.000000000000    0.008749746000    0.000000000000    0.000000000000   -0.001040158700    0.000000000000    0.000000000000   -0.007709587300
   -0.383629363200   -0.220193089500    0.000000000000    0.422754340000    0.280917070700    0.000000000000   -0.039124976800   -0.060723981200    0.000000000000
   -0.339412406000   -0.335038336200    0.000000000000    0.280917070700    0.318009773000    0.000000000000    0.058495335300    0.017028563200    0.000000000000
    0.000000000000    0.000000000000   -0.001040158700    0.000000000000    0.000000000000   -0.000469296300    0.000000000000    0.000000000000    0.001509455000
   -0.389870289100    0.196348904300    0.000000000000   -0.039124976800    0.058495335300    0.000000000000    0.428995265900   -0.254844239600    0.000000000000
    0.315568220800   -0.297867425300    0.000000000000   -0.060723981200    0.017028563200    0.000000000000   -0.254844239600    0.280838862100    0.000000000000
    0.000000000000    0.000000000000   -0.007709587300    0.000000000000    0.000000000000    0.001509455000    0.000000000000    0.000000000000    0.006200132300
		</fc>
	</displacement>
	<displacement number="13">
		<molecule>
			<xyz units="bohr">
				O       0.003418249100    -0.133485022200     0.000000000000
H       1.424524177400     1.081539181700     0.000000000000
H      -1.478774271300     1.036964983700     0.000000000000
			</xyz>
			<energy type="molecular" value="-74.9657135507"/>
		</molecule>
		<energy type="molecular" value="-74.9657135507"/>
		<energy type="mp2" value="-75.0049170960"/>
		<energy type="mp2 correlation" value=" -0.0392035454"/>
		<energy type="scf" value="-74.9657135507"/>
		<gradient type="xyz">
			    0.009765959100
   -0.002597714500
    0.000000000000
    0.002399439700
   -0.002574070400
    0.000000000000
   -0.012165398800
    0.005171784900
    0.000000000000
		</gradient>
		<fc type="xyz">
			    0.794492820300    0.023818380300    0.000000000000   -0.396606170200   -0.337649834000    0.000000000000   -0.397886650100    0.313831453700    0.000000000000
    0.023818380300    0.617614274900    0.000000000000   -0.218834481400   -0.324902832000    0.000000000000    0.195016101100   -0.292711442800    0.000000000000
    0.000000000000    0.000000000000    0.002302744500    0.000000000000    0.000000000000    0.002188150500    0.000000000000    0.000000000000   -0.004490895000
   -0.396606170200   -0.218834481400    0.000000000000    0.429932715200    0.279096523700    0.000000000000   -0.033326544900   -0.060262042300    0.000000000000
   -0.337649834000   -0.324902832000    0.000000000000    0.279096523700    0.307102681000    0.000000000000    0.058553310300    0.017800150900    0.000000000000
    0.000000000000    0.000000000000    0.002188150500    0.000000000000    0.000000000000   -0.000290643400    0.000000000000    0.000000000000   -0.001897507100
   -0.397886650100    0.195016101100    0.000000000000   -0.033326544900    0.058553310300    0.000000000000    0.431213195100   -0.253569411400    0.000000000000
    0.313831453700   -0.292711442800    0.000000000000   -0.060262042300    0.017800150900    0.000000000000   -0.253569411400    0.274911291900    0.000000000000
    0.000000000000    0.000000000000   -0.004490895000    0.000000000000    0.000000000000   -0.001897507100    0.000000000000    0.000000000000    0.006388402100
		</fc>
	</displacement>
	<displacement number="14">
		<molecule>
			<xyz units="bohr">
				O       0.003198892900    -0.131858619200     0.000000000000
H       1.438151131300     1.066781422300     0.000000000000
H      -1.488919883000     1.025910547100     0.000000000000
			</xyz>
			<energy type="molecular" value="-74.9655242676"/>
		</molecule>
		<energy type="molecular" value="-74.9655242676"/>
		<energy type="mp2" value="-75.0045366236"/>
		<energy type="mp2 correlation" value=" -0.0390123560"/>
		<energy type="scf" value="-74.9655242676"/>
		<gradient type="xyz">
			    0.009752034400
    0.001419525600
    0.000000000000
    0.004890652700
   -0.004512638800
    0.000000000000
   -0.014642687100
    0.003093113200
    0.000000000000
		</gradient>
		<fc type="xyz">
			    0.804848433600    0.023776640900    0.000000000000   -0.402803591300   -0.336578350400    0.000000000000   -0.402044842300    0.312801709600    0.000000000000
    0.023776640900    0.609521873900    0.000000000000   -0.218103917300   -0.319831308200    0.000000000000    0.194327276500   -0.289690565800    0.000000000000
    0.000000000000    0.000000000000   -0.001088881300    0.000000000000    0.000000000000    0.003886745500    0.000000000000    0.000000000000   -0.002797864100
   -0.402803591300   -0.218103917300    0.000000000000    0.433338592000    0.278098512900    0.000000000000   -0.030535000800   -0.059994595700    0.000000000000
   -0.336578350400   -0.319831308200    0.000000000000    0.278098512900    0.301722476400    0.000000000000    0.058479837400    0.018108831800    0.000000000000
    0.000000000000    0.000000000000    0.003886745500    0.000000000000    0.000000000000   -0.000310493700    0.000000000000    0.000000000000   -0.003576251800
   -0.402044842300    0.194327276500    0.000000000000   -0.030535000800    0.058479837400    0.000000000000    0.432579843100   -0.252807113900    0.000000000000
    0.312801709600   -0.289690565800    0.000000000000   -0.059994595700    0.018108831800    0.000000000000   -0.252807113900    0.271581734000    0.000000000000
    0.000000000000    0.000000000000   -0.002797864100    0.000000000000    0.000000000000   -0.003576251800    0.000000000000    0.000000000000    0.006374115900
		</fc>
	</displacement>
	<displacement number="15">
		<molecule>
			<xyz units="bohr">
				O       0.006826637400    -0.134033878900     0.000000000000
H       1.404307023000     1.108091093600     0.000000000000
H      -1.512650711600     1.019123825600     0.000000000000
			</xyz>
			<energy type="molecular" value="-74.9653642716"/>
		</molecule>
		<energy type="molecular" value="-74.9653642716"/>
		<energy type="mp2" value="-75.0050202411"/>
		<energy type="mp2 correlation" value=" -0.0396559695"/>
		<energy type="scf" value="-74.9653642716"/>
		<gradient type="xyz">
			    0.019249612300
   -0.008362457600
    0.000000000000
    0.002250493500
   -0.003185182400
    0.000000000000
   -0.021500105800
    0.011547640100
    0.000000000000
		</gradient>
		<fc type="xyz">
			    0.773574931000    0.046060671500    0.000000000000   -0.385881697600   -0.338712629100    0.000000000000   -0.387693233400    0.292651957600    0.000000000000
    0.046060671500    0.610469051000    0.000000000000   -0.221632924300   -0.336370168800    0.000000000000    0.175572252800   -0.274098882200    0.000000000000
    0.000000000000    0.000000000000    0.007461067000    0.000000000000    0.000000000000    0.002712654800    0.000000000000    0.000000000000   -0.010173721800
   -0.385881697600   -0.221632924300    0.000000000000    0.418484292300    0.281857101200    0.000000000000   -0.032602594700   -0.060224176900    0.000000000000
   -0.338712629100   -0.336370168800    0.000000000000    0.281857101200    0.318490207100    0.000000000000    0.056855527800    0.017879961700    0.000000000000
    0.000000000000    0.000000000000    0.002712654800    0.000000000000    0.000000000000   -0.000641535800    0.000000000000    0.000000000000   -0.002071119000
   -0.387693233400    0.175572252800    0.000000000000   -0.032602594700    0.056855527800    0.000000000000    0.420295828100   -0.232427780600    0.000000000000
    0.292651957600   -0.274098882200    0.000000000000   -0.060224176900    0.017879961700    0.000000000000   -0.232427780600    0.256218920500    0.000000000000
    0.000000000000    0.000000000000   -0.010173721800    0.000000000000    0.000000000000   -0.002071119000    0.000000000000    0.000000000000    0.012244840900
		</fc>
	</displacement>
	<displacement number="16">
		<molecule>
			<xyz units="bohr">
				O      -0.007942760300    -0.134461368000     0.000000000000
H       1.468171044800     1.013107327100     0.000000000000
H      -1.342113675600     1.120892154300     0.000000000000
			</xyz>
			<energy type="molecular" value="-74.9653271199"/>
		</molecule>
		<energy type="molecular" value="-74.9653271199"/>
		<energy type="mp2" value="-75.0036061983"/>
		<energy type="mp2 correlation" value=" -0.0382790784"/>
		<energy type="scf" value="-74.9653271199"/>
		<gradient type="xyz">
			   -0.020253175700
    0.012099914400
    0.000000000000
   -0.002161143100
    0.003385589100
    0.000000000000
    0.022414318800
   -0.015485503500
    0.000000000000
		</gradient>
		<fc type="xyz">
			    0.828474744900   -0.052380736300    0.000000000000   -0.422214471500   -0.333324032700    0.000000000000   -0.406260273300    0.385704769100    0.000000000000
   -0.052380736300    0.670479507100    0.000000000000   -0.208756569600   -0.294109100600    0.000000000000    0.261137306000   -0.376370406500    0.000000000000
    0.000000000000    0.000000000000   -0.009403168000    0.000000000000    0.000000000000   -0.002742694000    0.000000000000    0.000000000000    0.012145862000
   -0.422214471500   -0.208756569600    0.000000000000    0.463604367600    0.268723753900    0.000000000000   -0.041389896000   -0.059967184300    0.000000000000
   -0.333324032700   -0.294109100600    0.000000000000    0.268723753900    0.277447270300    0.000000000000    0.064600278800    0.016661830300    0.000000000000
    0.000000000000    0.000000000000   -0.002742694000    0.000000000000    0.000000000000    0.000533070700    0.000000000000    0.000000000000    0.002209623200
   -0.406260273300    0.261137306000    0.000000000000   -0.041389896000    0.064600278800    0.000000000000    0.447650169400   -0.325737584800    0.000000000000
    0.385704769100   -0.376370406500    0.000000000000   -0.059967184300    0.016661830300    0.000000000000   -0.325737584800    0.359708576300    0.000000000000
    0.000000000000    0.000000000000    0.012145862000    0.000000000000    0.000000000000    0.002209623200    0.000000000000    0.000000000000   -0.014355485200
		</fc>
	</displacement>
	<displacement number="17">
		<molecule>
			<xyz units="bohr">
				O      -0.004347888800    -0.136881940900     0.000000000000
H       1.435325582100     1.056083344600     0.000000000000
H      -1.366321431800     1.116332385600     0.000000000000
			</xyz>
			<energy type="molecular" value="-74.9655123728"/>
		</molecule>
		<energy type="molecular" value="-74.9655123728"/>
		<energy type="mp2" value="-75.0044327083"/>
		<energy type="mp2 correlation" value=" -0.0389203355"/>
		<energy type="scf" value="-74.9655123728"/>
		<gradient type="xyz">
			   -0.010053476800
   -0.000081399100
    0.000000000000
   -0.005156698000
    0.004647517900
    0.000000000000
    0.015210174800
   -0.004566118800
    0.000000000000
		</gradient>
		<fc type="xyz">
			    0.800036066200   -0.025402701200    0.000000000000   -0.405396091500   -0.336770736600    0.000000000000   -0.394639974700    0.362173437700    0.000000000000
   -0.025402701200    0.663213236300    0.000000000000   -0.213937251500   -0.310034710500    0.000000000000    0.239339952700   -0.353178525800    0.000000000000
    0.000000000000    0.000000000000    0.000243148900    0.000000000000    0.000000000000   -0.003706621200    0.000000000000    0.000000000000    0.003463472300
   -0.405396091500   -0.213937251500    0.000000000000    0.449154567700    0.274023248000    0.000000000000   -0.043758476100   -0.060085996600    0.000000000000
   -0.336770736600   -0.310034710500    0.000000000000    0.274023248000    0.293626801600    0.000000000000    0.062747488500    0.016407908900    0.000000000000
    0.000000000000    0.000000000000   -0.003706621200    0.000000000000    0.000000000000   -0.000038683200    0.000000000000    0.000000000000    0.003745304200
   -0.394639974700    0.239339952700    0.000000000000   -0.043758476100    0.062747488500    0.000000000000    0.438398450800   -0.302087441100    0.000000000000
    0.362173437700   -0.353178525800    0.000000000000   -0.060085996600    0.016407908900    0.000000000000   -0.302087441100    0.336770616900    0.000000000000
    0.000000000000    0.000000000000    0.003463472300    0.000000000000    0.000000000000    0.003745304200    0.000000000000    0.000000000000   -0.007208776500
		</fc>
	</displacement>
	<displacement number="18">
		<molecule>
			<xyz units="bohr">
				O       0.000000000000     0.000000000000    -0.133105805900
H       0.000000000000     1.418085971000     1.056242864000
H       0.000000000000    -1.418085971000     1.056242864000
			</xyz>
			<energy type="molecular" value="-74.9656743249"/>
		</molecule>
		<energy type="molecular" value="-74.9656743249"/>
		<energy type="mp2" value="-75.0037499998"/>
		<energy type="mp2 correlation" value=" -0.0380756749"/>
		<energy type="scf" value="-74.9656743249"/>
		<gradient type="xyz">
			    0.000000000000
    0.000000000000
    0.014365629200
    0.000000000000
   -0.009790279300
   -0.007182814600
    0.000000000000
    0.009790279300
   -0.007182814600
		</gradient>
		<fc type="xyz">
			   -0.012078568300    0.000000000000    0.000000000000    0.006039284100    0.000000000000    0.000000000000    0.006039284100    0.000000000000    0.000000000000
    0.000000000000    0.843766075700    0.000000000000    0.000000000000   -0.421883037800   -0.358898441200    0.000000000000   -0.421883037800    0.358898441200
    0.000000000000    0.000000000000    0.656666017000    0.000000000000   -0.234500907400   -0.328333008500    0.000000000000    0.234500907400   -0.328333008500
    0.006039284100    0.000000000000    0.000000000000   -0.006471576400    0.000000000000    0.000000000000    0.000432292300    0.000000000000    0.000000000000
    0.000000000000   -0.421883037800   -0.234500907400    0.000000000000    0.460316061400    0.296699674300    0.000000000000   -0.038433023500   -0.062198766900
